dim blocks threads naive shared
100 10 4 0.019456 0.029696
100 10 8 0.011264 0.013312
100 10 12 0.017408 0.016384
100 10 16 0.011264 0.011264
100 10 20 0.010240 0.010240
100 10 24 0.011264 0.019456
100 10 28 0.012288 0.010240
100 10 32 0.022528 0.011264
100 20 4 0.013312 0.017408
100 20 8 0.010240 0.010240
100 20 12 0.011264 0.011264
100 20 16 0.011264 0.015360
100 20 20 0.011264 0.009216
100 20 24 0.011264 0.010240
100 20 28 0.011264 0.010240
100 20 32 0.012288 0.019456
100 30 4 0.020480 0.018432
100 30 8 0.010240 0.010240
100 30 12 0.018432 0.009216
100 30 16 0.018432 0.018432
100 30 20 0.010240 0.015360
100 30 24 0.010240 0.010240
100 30 28 0.014336 0.019456
100 30 32 0.011264 0.010240
100 40 4 0.011264 0.011264
100 40 8 0.009216 0.009216
100 40 12 0.011264 0.010240
100 40 16 0.011264 0.009216
100 40 20 0.010240 0.009216
100 40 24 0.011264 0.009216
100 40 28 0.018432 0.018432
100 40 32 0.011264 0.010240
100 50 4 0.010240 0.011264
100 50 8 0.009216 0.008192
100 50 12 0.011264 0.010240
100 50 16 0.011264 0.010240
100 50 20 0.010240 0.010240
100 50 24 0.011264 0.018432
100 50 28 0.012288 0.011264
100 50 32 0.019456 0.011264
100 60 4 0.010240 0.010240
100 60 8 0.008192 0.008192
100 60 12 0.011264 0.009216
100 60 16 0.011264 0.009216
100 60 20 0.010272 0.013312
100 60 24 0.011264 0.010240
100 60 28 0.011264 0.011264
100 60 32 0.012288 0.011264
100 70 4 0.010240 0.010240
100 70 8 0.009216 0.007168
100 70 12 0.018432 0.009216
100 70 16 0.011264 0.010240
100 70 20 0.011264 0.009216
100 70 24 0.011264 0.011264
100 70 28 0.012288 0.021504
100 70 32 0.013312 0.012288
100 80 4 0.010240 0.009216
100 80 8 0.009216 0.007168
100 80 12 0.011264 0.010240
100 80 16 0.011264 0.010240
100 80 20 0.010240 0.016384
100 80 24 0.011264 0.010240
100 80 28 0.013312 0.012288
100 80 32 0.024576 0.015360
100 90 4 0.009216 0.010240
100 90 8 0.009216 0.018432
100 90 12 0.024576 0.010240
100 90 16 0.011264 0.010240
100 90 20 0.011264 0.010240
100 90 24 0.011264 0.011264
100 90 28 0.013312 0.017408
100 90 32 0.014336 0.014336
100 100 4 0.009216 0.009216
100 100 8 0.009216 0.008160
100 100 12 0.011264 0.010240
100 100 16 0.017408 0.009216
100 100 20 0.010240 0.020480
100 100 24 0.010240 0.012288
100 100 28 0.014336 0.013312
100 100 32 0.015360 0.014336
200 10 4 0.056320 0.100352
200 10 8 0.022016 0.030720
200 10 12 0.024576 0.027648
200 10 16 0.024320 0.024576
200 10 20 0.023936 0.030720
200 10 24 0.038912 0.024576
200 10 28 0.023552 0.024576
200 10 32 0.024960 0.024576
200 20 4 0.032672 0.054272
200 20 8 0.017280 0.021504
200 20 12 0.024480 0.025600
200 20 16 0.023552 0.023552
200 20 20 0.023552 0.022528
200 20 24 0.023136 0.024576
200 20 28 0.023552 0.023552
200 20 32 0.032544 0.022528
200 30 4 0.025568 0.037888
200 30 8 0.016064 0.017408
200 30 12 0.024288 0.023552
200 30 16 0.023296 0.021504
200 30 20 0.023904 0.022528
200 30 24 0.023040 0.021504
200 30 28 0.023072 0.024576
200 30 32 0.023264 0.024576
200 40 4 0.021344 0.031744
200 40 8 0.020160 0.017408
200 40 12 0.024096 0.025600
200 40 16 0.022528 0.022528
200 40 20 0.023360 0.030720
200 40 24 0.035840 0.030720
200 40 28 0.022976 0.022528
200 40 32 0.023904 0.022528
200 50 4 0.019456 0.029696
200 50 8 0.015360 0.015360
200 50 12 0.023520 0.022528
200 50 16 0.023200 0.022528
200 50 20 0.024320 0.022528
200 50 24 0.022912 0.022528
200 50 28 0.023968 0.023552
200 50 32 0.023552 0.022528
200 60 4 0.017888 0.025600
200 60 8 0.015360 0.014336
200 60 12 0.023552 0.023552
200 60 16 0.023040 0.021504
200 60 20 0.022528 0.021504
200 60 24 0.023008 0.022528
200 60 28 0.022880 0.022528
200 60 32 0.023392 0.031744
200 70 4 0.016992 0.025600
200 70 8 0.015008 0.014336
200 70 12 0.023104 0.027648
200 70 16 0.023488 0.021504
200 70 20 0.027008 0.022528
200 70 24 0.023104 0.022528
200 70 28 0.023552 0.022528
200 70 32 0.022528 0.024576
200 80 4 0.016960 0.022528
200 80 8 0.015232 0.014336
200 80 12 0.024064 0.024576
200 80 16 0.023424 0.022528
200 80 20 0.023552 0.022528
200 80 24 0.022880 0.022528
200 80 28 0.023200 0.023552
200 80 32 0.023008 0.024576
200 90 4 0.019296 0.021504
200 90 8 0.025600 0.014336
200 90 12 0.023552 0.022528
200 90 16 0.022912 0.021504
200 90 20 0.023008 0.021504
200 90 24 0.023264 0.022528
200 90 28 0.023328 0.023552
200 90 32 0.023360 0.024576
200 100 4 0.024576 0.021504
200 100 8 0.015904 0.014336
200 100 12 0.023136 0.022528
200 100 16 0.022528 0.021504
200 100 20 0.022976 0.022528
200 100 24 0.022528 0.022528
200 100 28 0.023552 0.024576
200 100 32 0.024224 0.024576
300 10 4 0.183168 0.281600
300 10 8 0.059936 0.086016
300 10 12 0.047808 0.057344
300 10 16 0.048544 0.049152
300 10 20 0.045056 0.051200
300 10 24 0.047040 0.047104
300 10 28 0.047712 0.049152
300 10 32 0.045856 0.049152
300 20 4 0.095968 0.144384
300 20 8 0.038880 0.052224
300 20 12 0.046624 0.046080
300 20 16 0.053248 0.047104
300 20 20 0.045024 0.046080
300 20 24 0.046080 0.046080
300 20 28 0.047040 0.048128
300 20 32 0.044704 0.046080
300 30 4 0.068608 0.101376
300 30 8 0.031616 0.041984
300 30 12 0.045952 0.046080
300 30 16 0.045568 0.046080
300 30 20 0.047520 0.047104
300 30 24 0.045056 0.045056
300 30 28 0.055136 0.045056
300 30 32 0.045024 0.044032
300 40 4 0.055040 0.080896
300 40 8 0.028384 0.035840
300 40 12 0.046944 0.046080
300 40 16 0.045856 0.044032
300 40 20 0.047104 0.047104
300 40 24 0.046016 0.047104
300 40 28 0.044992 0.046080
300 40 32 0.045952 0.046080
300 50 4 0.048128 0.069632
300 50 8 0.029184 0.030720
300 50 12 0.046880 0.046080
300 50 16 0.046080 0.047104
300 50 20 0.045984 0.045056
300 50 24 0.052576 0.051200
300 50 28 0.045792 0.047104
300 50 32 0.043712 0.046080
300 60 4 0.041632 0.062464
300 60 8 0.028512 0.028672
300 60 12 0.046080 0.046080
300 60 16 0.045504 0.047104
300 60 20 0.045824 0.046080
300 60 24 0.044032 0.045056
300 60 28 0.044576 0.046080
300 60 32 0.044000 0.044032
300 70 4 0.037888 0.064512
300 70 8 0.027424 0.026624
300 70 12 0.045056 0.046080
300 70 16 0.046080 0.044032
300 70 20 0.044032 0.044032
300 70 24 0.045056 0.045056
300 70 28 0.044608 0.046080
300 70 32 0.044032 0.046080
300 80 4 0.035840 0.057344
300 80 8 0.027648 0.026624
300 80 12 0.047584 0.050176
300 80 16 0.044960 0.045056
300 80 20 0.045056 0.043008
300 80 24 0.045056 0.045056
300 80 28 0.045056 0.046080
300 80 32 0.044032 0.045056
300 90 4 0.033568 0.045056
300 90 8 0.028352 0.027648
300 90 12 0.046400 0.050176
300 90 16 0.044032 0.044032
300 90 20 0.046016 0.044032
300 90 24 0.044032 0.043008
300 90 28 0.045056 0.047104
300 90 32 0.044032 0.045056
300 100 4 0.031392 0.043008
300 100 8 0.027648 0.027648
300 100 12 0.045600 0.046080
300 100 16 0.043872 0.043008
300 100 20 0.044416 0.044032
300 100 24 0.044480 0.044032
300 100 28 0.044032 0.046080
300 100 32 0.044032 0.046080
400 10 4 0.321536 0.494592
400 10 8 0.098272 0.141312
400 10 12 0.079200 0.104448
400 10 16 0.074432 0.078848
400 10 20 0.075744 0.082944
400 10 24 0.076800 0.081920
400 10 28 0.075776 0.076800
400 10 32 0.077760 0.078848
400 20 4 0.167712 0.252928
400 20 8 0.061376 0.086016
400 20 12 0.077152 0.079872
400 20 16 0.074560 0.075776
400 20 20 0.075392 0.074752
400 20 24 0.079776 0.083968
400 20 28 0.075232 0.075776
400 20 32 0.074432 0.075776
400 30 4 0.127456 0.174080
400 30 8 0.052800 0.064512
400 30 12 0.077184 0.076800
400 30 16 0.073728 0.073728
400 30 20 0.076416 0.078848
400 30 24 0.075616 0.079872
400 30 28 0.075712 0.074752
400 30 32 0.073472 0.074752
400 40 4 0.095232 0.136192
400 40 8 0.047104 0.057344
400 40 12 0.077216 0.077824
400 40 16 0.074080 0.073728
400 40 20 0.076672 0.076800
400 40 24 0.075744 0.076800
400 40 28 0.074752 0.074752
400 40 32 0.072704 0.072704
400 50 4 0.079616 0.113664
400 50 8 0.043008 0.050176
400 50 12 0.075776 0.077824
400 50 16 0.083968 0.086016
400 50 20 0.076448 0.079872
400 50 24 0.073248 0.072704
400 50 28 0.073088 0.073728
400 50 32 0.071392 0.072704
400 60 4 0.070656 0.100352
400 60 8 0.043648 0.044032
400 60 12 0.076640 0.076800
400 60 16 0.074496 0.079872
400 60 20 0.077440 0.075776
400 60 24 0.073184 0.074752
400 60 28 0.072544 0.074752
400 60 32 0.071680 0.073728
400 70 4 0.064448 0.091136
400 70 8 0.043360 0.041984
400 70 12 0.073536 0.076800
400 70 16 0.075648 0.078848
400 70 20 0.074144 0.073728
400 70 24 0.073376 0.074752
400 70 28 0.072672 0.075776
400 70 32 0.072320 0.072704
400 80 4 0.059392 0.080896
400 80 8 0.042688 0.041984
400 80 12 0.079456 0.089088
400 80 16 0.073728 0.073728
400 80 20 0.073408 0.074752
400 80 24 0.072480 0.073728
400 80 28 0.072384 0.073728
400 80 32 0.071520 0.073728
400 90 4 0.056192 0.075776
400 90 8 0.042368 0.043008
400 90 12 0.076512 0.080896
400 90 16 0.070624 0.074752
400 90 20 0.073728 0.074752
400 90 24 0.071680 0.083968
400 90 28 0.072544 0.073728
400 90 32 0.071136 0.078848
400 100 4 0.053664 0.070656
400 100 8 0.042400 0.051200
400 100 12 0.076800 0.077824
400 100 16 0.074336 0.072704
400 100 20 0.078176 0.075776
400 100 24 0.071680 0.072704
400 100 28 0.073280 0.075776
400 100 32 0.071072 0.074752
500 10 4 0.498432 0.775168
500 10 8 0.150304 0.221184
500 10 12 0.132096 0.162816
500 10 16 0.127840 0.136192
500 10 20 0.132736 0.122880
500 10 24 0.123520 0.132096
500 10 28 0.125280 0.136192
500 10 32 0.120576 0.130048
500 20 4 0.257536 0.389120
500 20 8 0.093824 0.131072
500 20 12 0.124928 0.129024
500 20 16 0.121792 0.129024
500 20 20 0.120224 0.121856
500 20 24 0.131968 0.137216
500 20 28 0.119808 0.124928
500 20 32 0.119744 0.123904
500 30 4 0.184736 0.270336
500 30 8 0.076800 0.098304
500 30 12 0.123264 0.128000
500 30 16 0.120832 0.124928
500 30 20 0.120384 0.126976
500 30 24 0.121152 0.126976
500 30 28 0.118784 0.132096
500 30 32 0.119232 0.121856
500 40 4 0.143264 0.210944
500 40 8 0.073056 0.087040
500 40 12 0.124928 0.128000
500 40 16 0.120288 0.125952
500 40 20 0.121184 0.123904
500 40 24 0.120416 0.122880
500 40 28 0.117728 0.119808
500 40 32 0.117376 0.120832
500 50 4 0.122272 0.179200
500 50 8 0.073120 0.075776
500 50 12 0.124896 0.128000
500 50 16 0.126720 0.128000
500 50 20 0.117504 0.120832
500 50 24 0.115712 0.117760
500 50 28 0.119392 0.122880
500 50 32 0.119520 0.116736
500 60 4 0.106208 0.158720
500 60 8 0.068000 0.068608
500 60 12 0.120736 0.123904
500 60 16 0.121376 0.129024
500 60 20 0.118400 0.122880
500 60 24 0.115552 0.117760
500 60 28 0.119200 0.119808
500 60 32 0.116608 0.118784
500 70 4 0.098656 0.140288
500 70 8 0.067584 0.069632
500 70 12 0.114688 0.134144
500 70 16 0.126912 0.123904
500 70 20 0.118144 0.122880
500 70 24 0.115456 0.117760
500 70 28 0.113984 0.117760
500 70 32 0.115712 0.120832
500 80 4 0.093952 0.125952
500 80 8 0.066944 0.068608
500 80 12 0.124384 0.136192
500 80 16 0.118144 0.119808
500 80 20 0.116384 0.118784
500 80 24 0.116736 0.119808
500 80 28 0.117120 0.121856
500 80 32 0.116608 0.119808
500 90 4 0.084960 0.116736
500 90 8 0.066560 0.077824
500 90 12 0.120288 0.132096
500 90 16 0.116544 0.117760
500 90 20 0.116096 0.117760
500 90 24 0.114560 0.118784
500 90 28 0.115360 0.119808
500 90 32 0.120160 0.124928
500 100 4 0.080288 0.106496
500 100 8 0.068384 0.069632
500 100 12 0.129024 0.121856
500 100 16 0.122208 0.119808
500 100 20 0.118784 0.119808
500 100 24 0.114624 0.119808
500 100 28 0.119296 0.121856
500 100 32 0.121536 0.126976
600 10 4 0.714720 1.112064
600 10 8 0.216928 0.309248
600 10 12 0.179040 0.214016
600 10 16 0.171584 0.186368
600 10 20 0.167936 0.190464
600 10 24 0.168960 0.174080
600 10 28 0.171328 0.183296
600 10 32 0.169600 0.178176
600 20 4 0.371712 0.562176
600 20 8 0.138176 0.186368
600 20 12 0.172032 0.177152
600 20 16 0.169504 0.175104
600 20 20 0.169600 0.172032
600 20 24 0.187008 0.196608
600 20 28 0.167936 0.174080
600 20 32 0.161760 0.166912
600 30 4 0.264032 0.386048
600 30 8 0.109408 0.145408
600 30 12 0.170304 0.174080
600 30 16 0.165248 0.172032
600 30 20 0.166368 0.174080
600 30 24 0.164800 0.169984
600 30 28 0.167296 0.172032
600 30 32 0.164864 0.163840
600 40 4 0.208320 0.297984
600 40 8 0.098304 0.125952
600 40 12 0.172032 0.173056
600 40 16 0.166240 0.173056
600 40 20 0.168544 0.171008
600 40 24 0.175936 0.165888
600 40 28 0.167456 0.168960
600 40 32 0.162784 0.163840
600 50 4 0.177152 0.249856
600 50 8 0.092896 0.103424
600 50 12 0.172864 0.178176
600 50 16 0.181248 0.172032
600 50 20 0.167936 0.172032
600 50 24 0.162272 0.164864
600 50 28 0.167584 0.173056
600 50 32 0.159168 0.164864
600 60 4 0.155360 0.219136
600 60 8 0.091488 0.093184
600 60 12 0.169632 0.171008
600 60 16 0.163392 0.173056
600 60 20 0.168960 0.171008
600 60 24 0.166816 0.167936
600 60 28 0.169664 0.169984
600 60 32 0.155648 0.161792
600 70 4 0.142720 0.198656
600 70 8 0.090112 0.091136
600 70 12 0.173696 0.199680
600 70 16 0.174944 0.163840
600 70 20 0.162592 0.169984
600 70 24 0.166560 0.169984
600 70 28 0.163776 0.167936
600 70 32 0.159648 0.164864
600 80 4 0.134144 0.177152
600 80 8 0.089696 0.091136
600 80 12 0.181888 0.201728
600 80 16 0.165728 0.171008
600 80 20 0.161792 0.166912
600 80 24 0.163392 0.166912
600 80 28 0.160768 0.165888
600 80 32 0.158720 0.164864
600 90 4 0.125312 0.165888
600 90 8 0.089824 0.092160
600 90 12 0.173056 0.185344
600 90 16 0.158720 0.158720
600 90 20 0.164192 0.174080
600 90 24 0.163840 0.161792
600 90 28 0.163648 0.165888
600 90 32 0.161088 0.166912
600 100 4 0.115424 0.155648
600 100 8 0.091136 0.090112
600 100 12 0.164864 0.172032
600 100 16 0.165760 0.162816
600 100 20 0.171008 0.166912
600 100 24 0.162816 0.160768
600 100 28 0.164864 0.165888
600 100 32 0.156576 0.161792
700 10 4 0.971360 1.509376
700 10 8 0.293728 0.425984
700 10 12 0.248320 0.301056
700 10 16 0.233952 0.238592
700 10 20 0.228992 0.235520
700 10 24 0.233824 0.236544
700 10 28 0.224704 0.238592
700 10 32 0.218016 0.229376
700 20 4 0.498688 0.759808
700 20 8 0.186176 0.253952
700 20 12 0.238592 0.238592
700 20 16 0.231392 0.230400
700 20 20 0.224608 0.227328
700 20 24 0.252928 0.262144
700 20 28 0.227840 0.232448
700 20 32 0.225664 0.229376
700 30 4 0.360096 0.525312
700 30 8 0.151552 0.190464
700 30 12 0.232256 0.237568
700 30 16 0.229376 0.229376
700 30 20 0.231008 0.236544
700 30 24 0.239392 0.234496
700 30 28 0.225824 0.230400
700 30 32 0.222208 0.232448
700 40 4 0.279456 0.414720
700 40 8 0.136128 0.165888
700 40 12 0.235136 0.238592
700 40 16 0.225280 0.232448
700 40 20 0.228704 0.227328
700 40 24 0.247232 0.251904
700 40 28 0.225120 0.231424
700 40 32 0.214016 0.223232
700 50 4 0.241248 0.349184
700 50 8 0.129504 0.141312
700 50 12 0.233472 0.236544
700 50 16 0.235968 0.244736
700 50 20 0.221184 0.224256
700 50 24 0.219136 0.222208
700 50 28 0.228000 0.229376
700 50 32 0.221088 0.219136
700 60 4 0.208640 0.317440
700 60 8 0.129696 0.128000
700 60 12 0.230368 0.237568
700 60 16 0.224256 0.239616
700 60 20 0.228672 0.229376
700 60 24 0.226304 0.230400
700 60 28 0.215680 0.223232
700 60 32 0.215040 0.233472
700 70 4 0.192512 0.267264
700 70 8 0.127936 0.126976
700 70 12 0.221728 0.240640
700 70 16 0.224896 0.235520
700 70 20 0.224256 0.227328
700 70 24 0.217664 0.230400
700 70 28 0.218720 0.229376
700 70 32 0.212832 0.220160
700 80 4 0.175840 0.241664
700 80 8 0.127712 0.126976
700 80 12 0.234880 0.270336
700 80 16 0.222080 0.238592
700 80 20 0.225632 0.224256
700 80 24 0.222208 0.226304
700 80 28 0.215040 0.224256
700 80 32 0.212992 0.224256
700 90 4 0.166336 0.221184
700 90 8 0.136864 0.128000
700 90 12 0.227328 0.243712
700 90 16 0.216064 0.222208
700 90 20 0.218656 0.229376
700 90 24 0.217088 0.223232
700 90 28 0.216064 0.226304
700 90 32 0.214592 0.220160
700 100 4 0.154048 0.206848
700 100 8 0.126944 0.140288
700 100 12 0.239424 0.241664
700 100 16 0.219136 0.226304
700 100 20 0.221088 0.224256
700 100 24 0.218688 0.223232
700 100 28 0.218048 0.228352
700 100 32 0.219136 0.221184
800 10 4 1.275392 1.971200
800 10 8 0.382976 0.552960
800 10 12 0.321536 0.378880
800 10 16 0.284000 0.315392
800 10 20 0.283040 0.303104
800 10 24 0.288352 0.294912
800 10 28 0.292864 0.300032
800 10 32 0.276896 0.285696
800 20 4 0.664576 0.998400
800 20 8 0.243232 0.332800
800 20 12 0.292864 0.297984
800 20 16 0.281344 0.285696
800 20 20 0.281280 0.292896
800 20 24 0.314240 0.321536
800 20 28 0.289792 0.289792
800 20 32 0.278400 0.283648
800 30 4 0.486944 0.684032
800 30 8 0.202080 0.264192
800 30 12 0.290144 0.294912
800 30 16 0.279552 0.284672
800 30 20 0.285472 0.290816
800 30 24 0.281600 0.284672
800 30 28 0.281440 0.284672
800 30 32 0.285664 0.288768
800 40 4 0.374784 0.533504
800 40 8 0.173056 0.207872
800 40 12 0.290208 0.304128
800 40 16 0.281600 0.283648
800 40 20 0.286048 0.287744
800 40 24 0.307552 0.308224
800 40 28 0.286720 0.280576
800 40 32 0.283360 0.280576
800 50 4 0.326656 0.441344
800 50 8 0.154976 0.179200
800 50 12 0.292416 0.297984
800 50 16 0.293216 0.345088
800 50 20 0.297504 0.322560
800 50 24 0.276480 0.279552
800 50 28 0.277152 0.279552
800 50 32 0.283648 0.277504
800 60 4 0.286688 0.396288
800 60 8 0.151296 0.163840
800 60 12 0.292288 0.295936
800 60 16 0.280192 0.296960
800 60 20 0.286080 0.286720
800 60 24 0.284672 0.276480
800 60 28 0.289184 0.287744
800 60 32 0.272384 0.291840
800 70 4 0.262752 0.353280
800 70 8 0.152544 0.163840
800 70 12 0.278368 0.293888
800 70 16 0.295392 0.278528
800 70 20 0.275968 0.286720
800 70 24 0.275456 0.284672
800 70 28 0.276224 0.291840
800 70 32 0.272224 0.283648
800 80 4 0.236544 0.324608
800 80 8 0.152576 0.154624
800 80 12 0.310720 0.342016
800 80 16 0.279200 0.284672
800 80 20 0.274144 0.276480
800 80 24 0.277440 0.275456
800 80 28 0.274432 0.286720
800 80 32 0.274432 0.276480
800 90 4 0.230336 0.306176
800 90 8 0.152576 0.154624
800 90 12 0.288128 0.318464
800 90 16 0.268000 0.270336
800 90 20 0.274432 0.273408
800 90 24 0.275968 0.278528
800 90 28 0.278208 0.278528
800 90 32 0.273408 0.272384
800 100 4 0.214016 0.275456
800 100 8 0.152352 0.153600
800 100 12 0.289280 0.287744
800 100 16 0.288384 0.288768
800 100 20 0.290560 0.272384
800 100 24 0.275232 0.274432
800 100 28 0.278368 0.276480
800 100 32 0.276320 0.277504
900 10 4 1.601280 2.499584
900 10 8 0.487392 0.701440
900 10 12 0.400832 0.488448
900 10 16 0.377248 0.408576
900 10 20 0.368640 0.400384
900 10 24 0.379616 0.391168
900 10 28 0.381952 0.391168
900 10 32 0.390912 0.400384
900 20 4 0.826784 1.252352
900 20 8 0.305952 0.417792
900 20 12 0.378272 0.386048
900 20 16 0.372544 0.386048
900 20 20 0.365344 0.377856
900 20 24 0.435904 0.430080
900 20 28 0.373728 0.380928
900 20 32 0.365248 0.371712
900 30 4 0.594592 0.864256
900 30 8 0.251712 0.320512
900 30 12 0.372544 0.387072
900 30 16 0.369312 0.378880
900 30 20 0.369664 0.386048
900 30 24 0.374656 0.384000
900 30 28 0.371456 0.375808
900 30 32 0.366208 0.373760
900 40 4 0.465664 0.667648
900 40 8 0.222048 0.277504
900 40 12 0.375168 0.380928
900 40 16 0.369408 0.374784
900 40 20 0.368032 0.386048
900 40 24 0.397888 0.405504
900 40 28 0.369664 0.378880
900 40 32 0.353664 0.365568
900 50 4 0.421536 0.573440
900 50 8 0.212448 0.225280
900 50 12 0.379904 0.392192
900 50 16 0.361280 0.392192
900 50 20 0.372096 0.391168
900 50 24 0.354016 0.365568
900 50 28 0.377216 0.364544
900 50 32 0.350848 0.361472
900 60 4 0.352704 0.492544
900 60 8 0.208384 0.215040
900 60 12 0.375328 0.381952
900 60 16 0.366592 0.394240
900 60 20 0.366464 0.373760
900 60 24 0.356992 0.373760
900 60 28 0.375296 0.382976
900 60 32 0.350208 0.369664
900 70 4 0.331744 0.445440
900 70 8 0.212544 0.207872
900 70 12 0.364512 0.446464
900 70 16 0.389568 0.379904
900 70 20 0.364448 0.375808
900 70 24 0.360064 0.382976
900 70 28 0.353760 0.375808
900 70 32 0.344704 0.370688
900 80 4 0.292864 0.399360
900 80 8 0.211936 0.211968
900 80 12 0.389088 0.445440
900 80 16 0.365312 0.373760
900 80 20 0.368640 0.368640
900 80 24 0.358016 0.366592
900 80 28 0.353088 0.389120
900 80 32 0.347904 0.361472
900 90 4 0.288768 0.377856
900 90 8 0.206400 0.208896
900 90 12 0.374784 0.410624
900 90 16 0.351744 0.357376
900 90 20 0.352960 0.363520
900 90 24 0.358944 0.380928
900 90 28 0.353280 0.369664
900 90 32 0.350080 0.359424
900 100 4 0.260800 0.345088
900 100 8 0.202656 0.208896
900 100 12 0.401888 0.412672
900 100 16 0.375360 0.366592
900 100 20 0.370464 0.362496
900 100 24 0.352256 0.360448
900 100 28 0.353280 0.368640
900 100 32 0.347136 0.354304
1000 10 4 1.979392 3.093504
1000 10 8 0.594336 0.863232
1000 10 12 0.494592 0.596992
1000 10 16 0.443168 0.483328
1000 10 20 0.442976 0.473088
1000 10 24 0.445248 0.465920
1000 10 28 0.478816 0.478208
1000 10 32 0.478976 0.474112
1000 20 4 1.030016 1.557504
1000 20 8 0.383968 0.516096
1000 20 12 0.457696 0.463872
1000 20 16 0.439232 0.449536
1000 20 20 0.442112 0.453632
1000 20 24 0.543744 0.522240
1000 20 28 0.442880 0.466944
1000 20 32 0.438976 0.452608
1000 30 4 0.733184 1.065984
1000 30 8 0.323456 0.423936
1000 30 12 0.453312 0.464896
1000 30 16 0.436832 0.451584
1000 30 20 0.446432 0.472064
1000 30 24 0.451584 0.453632
1000 30 28 0.462528 0.461824
1000 30 32 0.438272 0.462848
1000 40 4 0.582624 0.830464
1000 40 8 0.276896 0.342016
1000 40 12 0.452096 0.467968
1000 40 16 0.443200 0.451584
1000 40 20 0.443200 0.451584
1000 40 24 0.483296 0.450560
1000 40 28 0.434592 0.454656
1000 40 32 0.420864 0.450560
1000 50 4 0.526208 0.710656
1000 50 8 0.245120 0.280576
1000 50 12 0.454048 0.470016
1000 50 16 0.493088 0.482304
1000 50 20 0.450560 0.475136
1000 50 24 0.417632 0.435200
1000 50 28 0.455584 0.454656
1000 50 32 0.446464 0.431104
1000 60 4 0.438272 0.638976
1000 60 8 0.241312 0.263168
1000 60 12 0.449376 0.462848
1000 60 16 0.436192 0.483328
1000 60 20 0.452032 0.455680
1000 60 24 0.448512 0.447488
1000 60 28 0.452128 0.456704
1000 60 32 0.426720 0.451584
1000 70 4 0.442368 0.571392
1000 70 8 0.243392 0.241664
1000 70 12 0.435872 0.486400
1000 70 16 0.448096 0.456704
1000 70 20 0.435968 0.455680
1000 70 24 0.424320 0.458752
1000 70 28 0.451968 0.466944
1000 70 32 0.418240 0.456704
1000 80 4 0.377344 0.522240
1000 80 8 0.239328 0.242688
1000 80 12 0.485888 0.521216
1000 80 16 0.434656 0.447488
1000 80 20 0.447488 0.442368
1000 80 24 0.440128 0.448512
1000 80 28 0.434144 0.458752
1000 80 32 0.425728 0.447488
1000 90 4 0.373568 0.481280
1000 90 8 0.242464 0.248832
1000 90 12 0.450144 0.506880
1000 90 16 0.417344 0.429056
1000 90 20 0.431872 0.439296
1000 90 24 0.432832 0.444416
1000 90 28 0.428992 0.447488
1000 90 32 0.427520 0.460800
1000 100 4 0.325280 0.438272
1000 100 8 0.240416 0.239616
1000 100 12 0.438272 0.494592
1000 100 16 0.446240 0.436224
1000 100 20 0.452192 0.437248
1000 100 24 0.427008 0.439296
1000 100 28 0.444416 0.446464
1000 100 32 0.428032 0.433152
