dim blocks threads naive shared
100 10 4 0.019456 0.029696
100 10 8 0.013312 0.013312
100 10 12 0.012288 0.012288
100 10 16 0.011264 0.016384
100 10 20 0.011264 0.011264
100 10 24 0.011264 0.021504
100 10 28 0.011264 0.018432
100 10 32 0.012288 0.011264
100 20 4 0.013312 0.017408
100 20 8 0.009216 0.010240
100 20 12 0.011264 0.011264
100 20 16 0.011264 0.010240
100 20 20 0.011264 0.010240
100 20 24 0.020480 0.011264
100 20 28 0.011264 0.015360
100 20 32 0.011264 0.012288
100 30 4 0.010240 0.013312
100 30 8 0.010240 0.009216
100 30 12 0.010240 0.012288
100 30 16 0.011264 0.010240
100 30 20 0.011264 0.011264
100 30 24 0.011264 0.011264
100 30 28 0.010240 0.010240
100 30 32 0.011264 0.011264
100 40 4 0.010240 0.012288
100 40 8 0.009216 0.008192
100 40 12 0.011136 0.018432
100 40 16 0.010240 0.009216
100 40 20 0.011264 0.011264
100 40 24 0.011264 0.010240
100 40 28 0.015360 0.021504
100 40 32 0.011264 0.011264
100 50 4 0.009216 0.011264
100 50 8 0.009216 0.008192
100 50 12 0.011264 0.009216
100 50 16 0.011264 0.009216
100 50 20 0.011264 0.011264
100 50 24 0.011264 0.018432
100 50 28 0.011264 0.010240
100 50 32 0.011264 0.021504
100 60 4 0.009216 0.018432
100 60 8 0.008192 0.008192
100 60 12 0.011264 0.009216
100 60 16 0.011264 0.010240
100 60 20 0.011264 0.015360
100 60 24 0.011264 0.011264
100 60 28 0.012288 0.017408
100 60 32 0.012288 0.013312
100 70 4 0.009216 0.009216
100 70 8 0.008192 0.008192
100 70 12 0.010240 0.009216
100 70 16 0.011264 0.009216
100 70 20 0.019456 0.018432
100 70 24 0.011264 0.011264
100 70 28 0.011264 0.011264
100 70 32 0.013312 0.014336
100 80 4 0.009216 0.009216
100 80 8 0.008192 0.008192
100 80 12 0.011264 0.010240
100 80 16 0.011264 0.010240
100 80 20 0.011264 0.011264
100 80 24 0.011264 0.011264
100 80 28 0.012288 0.013312
100 80 32 0.013312 0.014336
100 90 4 0.009216 0.009216
100 90 8 0.009216 0.008192
100 90 12 0.011264 0.009216
100 90 16 0.011264 0.010240
100 90 20 0.012288 0.010240
100 90 24 0.011264 0.011264
100 90 28 0.013312 0.021504
100 90 32 0.014336 0.014336
100 100 4 0.009216 0.009216
100 100 8 0.009216 0.008192
100 100 12 0.011264 0.009216
100 100 16 0.019456 0.009216
100 100 20 0.026624 0.011264
100 100 24 0.011264 0.012288
100 100 28 0.013312 0.013312
100 100 32 0.022528 0.022528
200 10 4 0.055296 0.103424
200 10 8 0.027424 0.031744
200 10 12 0.024576 0.031744
200 10 16 0.024320 0.027648
200 10 20 0.023424 0.024576
200 10 24 0.025472 0.028672
200 10 28 0.023552 0.027648
200 10 32 0.025184 0.026624
200 20 4 0.031616 0.055296
200 20 8 0.017024 0.022528
200 20 12 0.025376 0.027648
200 20 16 0.023936 0.026624
200 20 20 0.023456 0.024576
200 20 24 0.022176 0.024576
200 20 28 0.023904 0.025600
200 20 32 0.023104 0.026624
200 30 4 0.025600 0.039936
200 30 8 0.023968 0.018432
200 30 12 0.023936 0.025600
200 30 16 0.023936 0.025600
200 30 20 0.023936 0.025600
200 30 24 0.023040 0.024576
200 30 28 0.023360 0.026624
200 30 32 0.023264 0.028672
200 40 4 0.021216 0.031744
200 40 8 0.015328 0.017408
200 40 12 0.023936 0.023552
200 40 16 0.022848 0.023552
200 40 20 0.023552 0.024576
200 40 24 0.023360 0.024576
200 40 28 0.023328 0.026624
200 40 32 0.023104 0.027648
200 50 4 0.018976 0.027648
200 50 8 0.015360 0.016384
200 50 12 0.024256 0.023552
200 50 16 0.023136 0.021504
200 50 20 0.024032 0.024576
200 50 24 0.022304 0.023552
200 50 28 0.023008 0.027648
200 50 32 0.023872 0.027648
200 60 4 0.017312 0.025600
200 60 8 0.015200 0.015360
200 60 12 0.024384 0.022528
200 60 16 0.023328 0.022528
200 60 20 0.022528 0.025600
200 60 24 0.023264 0.023552
200 60 28 0.023136 0.026624
200 60 32 0.022432 0.028672
200 70 4 0.017792 0.023552
200 70 8 0.014752 0.014336
200 70 12 0.023296 0.022528
200 70 16 0.022528 0.021504
200 70 20 0.023104 0.024576
200 70 24 0.022528 0.024576
200 70 28 0.023392 0.027648
200 70 32 0.022528 0.028672
200 80 4 0.017056 0.023552
200 80 8 0.015360 0.014336
200 80 12 0.024992 0.022528
200 80 16 0.023392 0.023552
200 80 20 0.023520 0.025600
200 80 24 0.022528 0.024576
200 80 28 0.022528 0.026624
200 80 32 0.023104 0.028672
200 90 4 0.017088 0.021504
200 90 8 0.014880 0.013312
200 90 12 0.022528 0.023552
200 90 16 0.022528 0.023552
200 90 20 0.022944 0.024576
200 90 24 0.023136 0.025600
200 90 28 0.024160 0.026624
200 90 32 0.022880 0.029696
200 100 4 0.016384 0.021504
200 100 8 0.023040 0.014336
200 100 12 0.023520 0.021504
200 100 16 0.022528 0.022528
200 100 20 0.023200 0.024576
200 100 24 0.023232 0.024576
200 100 28 0.022976 0.027648
200 100 32 0.024384 0.028672
300 10 4 0.181600 0.290816
300 10 8 0.057344 0.089088
300 10 12 0.047776 0.066560
300 10 16 0.048128 0.060416
300 10 20 0.045408 0.053248
300 10 24 0.046048 0.058368
300 10 28 0.046880 0.056320
300 10 32 0.045664 0.058368
300 20 4 0.095200 0.149504
300 20 8 0.037504 0.054272
300 20 12 0.048960 0.058368
300 20 16 0.046912 0.052224
300 20 20 0.045056 0.050176
300 20 24 0.048128 0.050176
300 20 28 0.047008 0.054272
300 20 32 0.044896 0.055296
300 30 4 0.068544 0.105472
300 30 8 0.030176 0.043008
300 30 12 0.046720 0.054272
300 30 16 0.045440 0.048128
300 30 20 0.053152 0.057344
300 30 24 0.045824 0.052224
300 30 28 0.045824 0.054272
300 30 32 0.045024 0.056320
300 40 4 0.054272 0.080896
300 40 8 0.028512 0.037888
300 40 12 0.046976 0.046080
300 40 16 0.046464 0.050176
300 40 20 0.046848 0.050176
300 40 24 0.046016 0.052224
300 40 28 0.045728 0.052224
300 40 32 0.045056 0.055296
300 50 4 0.046944 0.070656
300 50 8 0.028192 0.032768
300 50 12 0.047104 0.047104
300 50 16 0.045856 0.050176
300 50 20 0.045440 0.051200
300 50 24 0.044384 0.050176
300 50 28 0.046080 0.053248
300 50 32 0.044672 0.056320
300 60 4 0.041824 0.063488
300 60 8 0.027520 0.030720
300 60 12 0.046656 0.045056
300 60 16 0.047040 0.054272
300 60 20 0.044032 0.052224
300 60 24 0.044928 0.051200
300 60 28 0.044032 0.053248
300 60 32 0.044032 0.055296
300 70 4 0.037888 0.055296
300 70 8 0.028128 0.028672
300 70 12 0.045568 0.051200
300 70 16 0.045056 0.048128
300 70 20 0.044800 0.052224
300 70 24 0.044032 0.051200
300 70 28 0.044640 0.054272
300 70 32 0.044480 0.056320
300 80 4 0.034816 0.052224
300 80 8 0.027648 0.027648
300 80 12 0.046848 0.053248
300 80 16 0.046080 0.047104
300 80 20 0.054272 0.050176
300 80 24 0.044032 0.050176
300 80 28 0.044640 0.053280
300 80 32 0.044736 0.055296
300 90 4 0.032768 0.047104
300 90 8 0.027552 0.027648
300 90 12 0.047104 0.051200
300 90 16 0.044032 0.046080
300 90 20 0.044032 0.047104
300 90 24 0.044480 0.049152
300 90 28 0.045056 0.053248
300 90 32 0.044768 0.057344
300 100 4 0.032768 0.045056
300 100 8 0.028096 0.027648
300 100 12 0.045056 0.046080
300 100 16 0.043776 0.047104
300 100 20 0.045056 0.052224
300 100 24 0.045024 0.050176
300 100 28 0.044480 0.055296
300 100 32 0.044480 0.059392
400 10 4 0.328640 0.509952
400 10 8 0.096896 0.145408
400 10 12 0.079296 0.118784
400 10 16 0.075552 0.095232
400 10 20 0.075744 0.089088
400 10 24 0.076352 0.093184
400 10 28 0.075424 0.091136
400 10 32 0.075776 0.099328
400 20 4 0.166656 0.261120
400 20 8 0.061440 0.089088
400 20 12 0.077472 0.096256
400 20 16 0.074112 0.087040
400 20 20 0.075136 0.080896
400 20 24 0.079872 0.098304
400 20 28 0.076384 0.091136
400 20 32 0.074112 0.092160
400 30 4 0.116128 0.179200
400 30 8 0.048960 0.068608
400 30 12 0.077216 0.082944
400 30 16 0.074592 0.081920
400 30 20 0.076800 0.081920
400 30 24 0.075328 0.082944
400 30 28 0.074176 0.088064
400 30 32 0.073728 0.095232
400 40 4 0.093536 0.140288
400 40 8 0.051936 0.061440
400 40 12 0.077120 0.078848
400 40 16 0.074208 0.081920
400 40 20 0.076288 0.087040
400 40 24 0.079872 0.090112
400 40 28 0.072576 0.088064
400 40 32 0.073280 0.094208
400 50 4 0.079872 0.114688
400 50 8 0.043008 0.050176
400 50 12 0.077536 0.074752
400 50 16 0.078848 0.086016
400 50 20 0.076800 0.090112
400 50 24 0.073408 0.090112
400 50 28 0.072448 0.089088
400 50 32 0.071488 0.091136
400 60 4 0.071136 0.104448
400 60 8 0.043008 0.049152
400 60 12 0.077120 0.077824
400 60 16 0.074752 0.094208
400 60 20 0.076800 0.084992
400 60 24 0.073344 0.087040
400 60 28 0.072704 0.091136
400 60 32 0.072320 0.090112
400 70 4 0.062304 0.093184
400 70 8 0.041984 0.045056
400 70 12 0.072480 0.078848
400 70 16 0.077824 0.084992
400 70 20 0.073504 0.083968
400 70 24 0.072480 0.084992
400 70 28 0.072352 0.088064
400 70 32 0.071680 0.092160
400 80 4 0.058336 0.084992
400 80 8 0.041984 0.043008
400 80 12 0.079456 0.091136
400 80 16 0.077184 0.080896
400 80 20 0.074208 0.081920
400 80 24 0.073728 0.086016
400 80 28 0.072704 0.089088
400 80 32 0.071328 0.104448
400 90 4 0.056704 0.075776
400 90 8 0.042656 0.043008
400 90 12 0.076576 0.094208
400 90 16 0.070976 0.081920
400 90 20 0.074112 0.081920
400 90 24 0.072640 0.083968
400 90 28 0.072544 0.089088
400 90 32 0.072320 0.089088
400 100 4 0.052736 0.072704
400 100 8 0.042752 0.044032
400 100 12 0.075616 0.078848
400 100 16 0.075200 0.084992
400 100 20 0.074720 0.081920
400 100 24 0.072704 0.083968
400 100 28 0.073600 0.087040
400 100 32 0.071360 0.093184
500 10 4 0.496064 0.799744
500 10 8 0.148960 0.230112
500 10 12 0.131840 0.188416
500 10 16 0.129024 0.160768
500 10 20 0.121664 0.144384
500 10 24 0.125920 0.147456
500 10 28 0.125952 0.149504
500 10 32 0.120640 0.154624
500 20 4 0.252928 0.402432
500 20 8 0.093184 0.137216
500 20 12 0.125952 0.152576
500 20 16 0.122560 0.146432
500 20 20 0.119808 0.131072
500 20 24 0.129824 0.162816
500 20 28 0.121664 0.139264
500 20 32 0.118752 0.144384
500 30 4 0.185344 0.285696
500 30 8 0.076800 0.105472
500 30 12 0.121824 0.130048
500 30 16 0.121536 0.133120
500 30 20 0.122592 0.157696
500 30 24 0.120640 0.137216
500 30 28 0.118784 0.141312
500 30 32 0.115680 0.150528
500 40 4 0.140832 0.215040
500 40 8 0.071200 0.091136
500 40 12 0.123392 0.128000
500 40 16 0.120608 0.132096
500 40 20 0.120832 0.130048
500 40 24 0.120832 0.137216
500 40 28 0.117760 0.140288
500 40 32 0.113664 0.149504
500 50 4 0.119808 0.184320
500 50 8 0.070656 0.080896
500 50 12 0.125888 0.125952
500 50 16 0.123904 0.137216
500 50 20 0.118784 0.143360
500 50 24 0.117344 0.138240
500 50 28 0.118656 0.136192
500 50 32 0.117440 0.145408
500 60 4 0.107136 0.159744
500 60 8 0.067584 0.070656
500 60 12 0.121856 0.124928
500 60 16 0.122528 0.131072
500 60 20 0.120736 0.132096
500 60 24 0.116384 0.134144
500 60 28 0.116160 0.139264
500 60 32 0.114080 0.141312
500 70 4 0.096288 0.142336
500 70 8 0.067584 0.071680
500 70 12 0.114624 0.134144
500 70 16 0.120832 0.125952
500 70 20 0.121248 0.138240
500 70 24 0.117312 0.133120
500 70 28 0.116320 0.144384
500 70 32 0.114176 0.152576
500 80 4 0.089920 0.128000
500 80 8 0.067584 0.069632
500 80 12 0.128416 0.140288
500 80 16 0.118400 0.128000
500 80 20 0.117120 0.126976
500 80 24 0.115712 0.133120
500 80 28 0.116224 0.136192
500 80 32 0.117728 0.139264
500 90 4 0.083584 0.117760
500 90 8 0.081664 0.068608
500 90 12 0.120480 0.134144
500 90 16 0.112640 0.133120
500 90 20 0.116192 0.136192
500 90 24 0.113632 0.130048
500 90 28 0.115712 0.142336
500 90 32 0.119808 0.143360
500 100 4 0.079840 0.110592
500 100 8 0.068448 0.069632
500 100 12 0.121568 0.119808
500 100 16 0.118784 0.121856
500 100 20 0.116736 0.125952
500 100 24 0.112640 0.131072
500 100 28 0.118784 0.137216
500 100 32 0.122368 0.146432
600 10 4 0.713184 1.147904
600 10 8 0.210496 0.323584
600 10 12 0.175744 0.246784
600 10 16 0.169984 0.224256
600 10 20 0.168800 0.196608
600 10 24 0.169952 0.204800
600 10 28 0.172032 0.204800
600 10 32 0.171008 0.215040
600 20 4 0.369184 0.581632
600 20 8 0.134112 0.192512
600 20 12 0.174080 0.194560
600 20 16 0.168960 0.204800
600 20 20 0.170592 0.185344
600 20 24 0.185344 0.220160
600 20 28 0.166912 0.204800
600 20 32 0.161792 0.205824
600 30 4 0.260448 0.397312
600 30 8 0.111968 0.149504
600 30 12 0.169984 0.178176
600 30 16 0.165312 0.172032
600 30 20 0.167488 0.223232
600 30 24 0.163840 0.183296
600 30 28 0.168352 0.196608
600 30 32 0.160480 0.204800
600 40 4 0.206720 0.306176
600 40 8 0.098080 0.126944
600 40 12 0.172416 0.174080
600 40 16 0.165888 0.187392
600 40 20 0.167936 0.184320
600 40 24 0.163424 0.195584
600 40 28 0.167808 0.194560
600 40 32 0.158560 0.203776
600 50 4 0.176704 0.253952
600 50 8 0.093184 0.112640
600 50 12 0.173824 0.180224
600 50 16 0.171936 0.208896
600 50 20 0.168960 0.192512
600 50 24 0.162816 0.191488
600 50 28 0.165888 0.194560
600 50 32 0.159744 0.202752
600 60 4 0.153088 0.225280
600 60 8 0.090944 0.102400
600 60 12 0.169984 0.173056
600 60 16 0.164768 0.207872
600 60 20 0.168608 0.185344
600 60 24 0.166880 0.186368
600 60 28 0.172032 0.199680
600 60 32 0.157248 0.200704
600 70 4 0.142336 0.201728
600 70 8 0.090112 0.092160
600 70 12 0.165760 0.206848
600 70 16 0.177792 0.182272
600 70 20 0.162816 0.195584
600 70 24 0.161216 0.199680
600 70 28 0.162816 0.199680
600 70 32 0.161664 0.199680
600 80 4 0.130048 0.179200
600 80 8 0.090112 0.104448
600 80 12 0.181216 0.205824
600 80 16 0.167936 0.165888
600 80 20 0.162144 0.178176
600 80 24 0.162688 0.184320
600 80 28 0.161088 0.202752
600 80 32 0.158240 0.193536
600 90 4 0.127712 0.164864
600 90 8 0.089536 0.091136
600 90 12 0.174048 0.186368
600 90 16 0.158176 0.179200
600 90 20 0.162304 0.190464
600 90 24 0.162144 0.184320
600 90 28 0.162176 0.197632
600 90 32 0.160288 0.207872
600 100 4 0.116032 0.153600
600 100 8 0.091136 0.092160
600 100 12 0.171648 0.174080
600 100 16 0.162688 0.178176
600 100 20 0.165536 0.187392
600 100 24 0.159392 0.183296
600 100 28 0.165472 0.193536
600 100 32 0.158720 0.195584
700 10 4 0.966368 1.557504
700 10 8 0.290368 0.445440
700 10 12 0.243712 0.331776
700 10 16 0.233472 0.297984
700 10 20 0.228352 0.264192
700 10 24 0.232928 0.261120
700 10 28 0.224736 0.259072
700 10 32 0.217088 0.273408
700 20 4 0.491168 0.785408
700 20 8 0.183680 0.266240
700 20 12 0.238592 0.248832
700 20 16 0.230944 0.245760
700 20 20 0.225280 0.245760
700 20 24 0.253376 0.329728
700 20 28 0.229376 0.261120
700 20 32 0.222208 0.292864
700 30 4 0.360320 0.556032
700 30 8 0.150976 0.209920
700 30 12 0.233184 0.238592
700 30 16 0.228000 0.232448
700 30 20 0.232288 0.315392
700 30 24 0.226656 0.249856
700 30 28 0.229280 0.265216
700 30 32 0.219136 0.272384
700 40 4 0.275456 0.415744
700 40 8 0.135040 0.169984
700 40 12 0.234496 0.233472
700 40 16 0.226656 0.227328
700 40 20 0.227328 0.248832
700 40 24 0.242688 0.266240
700 40 28 0.225696 0.263168
700 40 32 0.216064 0.267264
700 50 4 0.244480 0.352256
700 50 8 0.130048 0.144384
700 50 12 0.235520 0.235520
700 50 16 0.238592 0.303136
700 50 20 0.224192 0.276480
700 50 24 0.217888 0.273408
700 50 28 0.228352 0.269312
700 50 32 0.213376 0.264192
700 60 4 0.207392 0.312320
700 60 8 0.128800 0.136192
700 60 12 0.230752 0.236544
700 60 16 0.227328 0.288768
700 60 20 0.228352 0.247808
700 60 24 0.217088 0.253952
700 60 28 0.224704 0.273408
700 60 32 0.214432 0.277504
700 70 4 0.197632 0.281600
700 70 8 0.128000 0.130048
700 70 12 0.227168 0.249856
700 70 16 0.224928 0.252928
700 70 20 0.226720 0.235520
700 70 24 0.226176 0.250880
700 70 28 0.220160 0.268288
700 70 32 0.212896 0.267264
700 80 4 0.176128 0.245760
700 80 8 0.126656 0.129024
700 80 12 0.257792 0.269312
700 80 16 0.222752 0.227328
700 80 20 0.232352 0.238592
700 80 24 0.222912 0.246784
700 80 28 0.216064 0.265216
700 80 32 0.212288 0.272384
700 90 4 0.163328 0.224256
700 90 8 0.126592 0.128000
700 90 12 0.225696 0.241664
700 90 16 0.217408 0.233472
700 90 20 0.222112 0.254976
700 90 24 0.216640 0.249856
700 90 28 0.216064 0.269312
700 90 32 0.218112 0.261120
700 100 4 0.155296 0.210944
700 100 8 0.126528 0.128000
700 100 12 0.246464 0.247808
700 100 16 0.229920 0.247808
700 100 20 0.226304 0.251904
700 100 24 0.216064 0.246784
700 100 28 0.218592 0.271360
700 100 32 0.219136 0.264192
800 10 4 1.266496 2.034688
800 10 8 0.377504 0.578560
800 10 12 0.317440 0.431104
800 10 16 0.285056 0.377856
800 10 20 0.283488 0.346112
800 10 24 0.288544 0.356352
800 10 28 0.294304 0.348160
800 10 32 0.277504 0.348160
800 20 4 0.656384 1.031168
800 20 8 0.238912 0.351232
800 20 12 0.292864 0.313344
800 20 16 0.279968 0.326656
800 20 20 0.281536 0.312320
800 20 24 0.311616 0.417792
800 20 28 0.289760 0.331776
800 20 32 0.279168 0.348160
800 30 4 0.475648 0.707584
800 30 8 0.197120 0.279552
800 30 12 0.290624 0.304128
800 30 16 0.281216 0.282624
800 30 20 0.285216 0.389120
800 30 24 0.280928 0.316416
800 30 28 0.282624 0.335872
800 30 32 0.283040 0.350208
800 40 4 0.377216 0.543744
800 40 8 0.169920 0.226304
800 40 12 0.291680 0.295936
800 40 16 0.282432 0.287744
800 40 20 0.285376 0.308224
800 40 24 0.306816 0.326656
800 40 28 0.287744 0.330752
800 40 32 0.279552 0.337920
800 50 4 0.327424 0.455680
800 50 8 0.153376 0.187392
800 50 12 0.291840 0.299008
800 50 16 0.275968 0.356352
800 50 20 0.295936 0.352256
800 50 24 0.277504 0.325632
800 50 28 0.291488 0.330752
800 50 32 0.269984 0.342016
800 60 4 0.282624 0.408576
800 60 8 0.152544 0.172032
800 60 12 0.290720 0.295936
800 60 16 0.280160 0.327680
800 60 20 0.284672 0.315392
800 60 24 0.283552 0.309248
800 60 28 0.286464 0.336896
800 60 32 0.270336 0.337920
800 70 4 0.267808 0.361472
800 70 8 0.152352 0.160768
800 70 12 0.280224 0.308224
800 70 16 0.282336 0.318464
800 70 20 0.275456 0.320512
800 70 24 0.275392 0.313344
800 70 28 0.280480 0.328704
800 70 32 0.272096 0.356352
800 80 4 0.235328 0.326656
800 80 8 0.151552 0.165888
800 80 12 0.297376 0.342016
800 80 16 0.281248 0.308224
800 80 20 0.291200 0.314368
800 80 24 0.275456 0.307200
800 80 28 0.274432 0.331776
800 80 32 0.272352 0.351232
800 90 4 0.228832 0.297984
800 90 8 0.152576 0.158720
800 90 12 0.289472 0.313344
800 90 16 0.269312 0.297984
800 90 20 0.274912 0.332800
800 90 24 0.275456 0.318464
800 90 28 0.273984 0.342016
800 90 32 0.274208 0.352256
800 100 4 0.212640 0.282624
800 100 8 0.151552 0.156672
800 100 12 0.287360 0.282624
800 100 16 0.287744 0.302080
800 100 20 0.284064 0.312320
800 100 24 0.278176 0.313344
800 100 28 0.275232 0.340992
800 100 32 0.274240 0.339968
900 10 4 1.596416 2.578432
900 10 8 0.476896 0.741376
900 10 12 0.394240 0.566272
900 10 16 0.376128 0.477184
900 10 20 0.369664 0.460800
900 10 24 0.378528 0.457728
900 10 28 0.379904 0.451584
900 10 32 0.398784 0.476160
900 20 4 0.811968 1.294336
900 20 8 0.302944 0.437248
900 20 12 0.380704 0.403456
900 20 16 0.372256 0.405504
900 20 20 0.363200 0.416768
900 20 24 0.433664 0.481280
900 20 28 0.374304 0.425984
900 20 32 0.366464 0.440320
900 30 4 0.603040 0.890880
900 30 8 0.247104 0.347136
900 30 12 0.371712 0.389120
900 30 16 0.368288 0.380928
900 30 20 0.371712 0.501760
900 30 24 0.375744 0.406528
900 30 28 0.370688 0.435200
900 30 32 0.362496 0.443392
900 40 4 0.457696 0.684032
900 40 8 0.225760 0.282624
900 40 12 0.373696 0.385024
900 40 16 0.366272 0.382976
900 40 20 0.368512 0.403456
900 40 24 0.398336 0.427008
900 40 28 0.367040 0.433152
900 40 32 0.365312 0.442368
900 50 4 0.414720 0.573440
900 50 8 0.208736 0.240640
900 50 12 0.382752 0.391168
900 50 16 0.362144 0.419840
900 50 20 0.377856 0.413696
900 50 24 0.353600 0.444416
900 50 28 0.376416 0.437248
900 50 32 0.369568 0.437248
900 60 4 0.345024 0.506880
900 60 8 0.207872 0.222208
900 60 12 0.373760 0.385024
900 60 16 0.363040 0.411680
900 60 20 0.365376 0.405504
900 60 24 0.368640 0.405504
900 60 28 0.374784 0.433152
900 60 32 0.366592 0.443424
900 70 4 0.343392 0.448512
900 70 8 0.210464 0.227328
900 70 12 0.355232 0.459776
900 70 16 0.375136 0.364544
900 70 20 0.363520 0.434176
900 70 24 0.353152 0.406528
900 70 28 0.352224 0.429056
900 70 32 0.343040 0.444416
900 80 4 0.302080 0.406528
900 80 8 0.210944 0.210944
900 80 12 0.389056 0.445440
900 80 16 0.365568 0.374784
900 80 20 0.365280 0.412672
900 80 24 0.357952 0.407584
900 80 28 0.353280 0.448512
900 80 32 0.349152 0.448512
900 90 4 0.301632 0.380928
900 90 8 0.205600 0.216064
900 90 12 0.377376 0.410624
900 90 16 0.349568 0.433152
900 90 20 0.349696 0.408576
900 90 24 0.376832 0.404480
900 90 28 0.353088 0.434176
900 90 32 0.345536 0.439296
900 100 4 0.272384 0.353280
900 100 8 0.202752 0.210944
900 100 12 0.386784 0.416768
900 100 16 0.353888 0.405504
900 100 20 0.377376 0.407552
900 100 24 0.355328 0.418816
900 100 28 0.351232 0.442368
900 100 32 0.348160 0.430080
1000 10 4 1.974848 3.189760
1000 10 8 0.589664 0.900096
1000 10 12 0.491520 0.677888
1000 10 16 0.444160 0.537600
1000 10 20 0.443392 0.539648
1000 10 24 0.443392 0.542720
1000 10 28 0.486400 0.532480
1000 10 32 0.486400 0.563200
1000 20 4 1.030720 1.605632
1000 20 8 0.384960 0.541696
1000 20 12 0.457536 0.497664
1000 20 16 0.441312 0.480256
1000 20 20 0.442112 0.504832
1000 20 24 0.530432 0.570368
1000 20 28 0.445408 0.535552
1000 20 32 0.436640 0.549888
1000 30 4 0.738304 1.101824
1000 30 8 0.307776 0.446464
1000 30 12 0.451584 0.461824
1000 30 16 0.436864 0.453632
1000 30 20 0.444288 0.621568
1000 30 24 0.454112 0.495616
1000 30 28 0.465760 0.522240
1000 30 32 0.438720 0.548864
1000 40 4 0.589664 0.854016
1000 40 8 0.272384 0.351232
1000 40 12 0.450976 0.464896
1000 40 16 0.438816 0.487424
1000 40 20 0.444736 0.488448
1000 40 24 0.447488 0.520192
1000 40 28 0.432640 0.538624
1000 40 32 0.439296 0.539648
1000 50 4 0.525952 0.715776
1000 50 8 0.242688 0.292864
1000 50 12 0.455296 0.470016
1000 50 16 0.434720 0.567296
1000 50 20 0.453504 0.556032
1000 50 24 0.415680 0.526336
1000 50 28 0.460384 0.527360
1000 50 32 0.428768 0.538624
1000 60 4 0.435584 0.624640
1000 60 8 0.239616 0.283648
1000 60 12 0.452000 0.459776
1000 60 16 0.437248 0.507904
1000 60 20 0.441248 0.493568
1000 60 24 0.444416 0.488448
1000 60 28 0.452096 0.518144
1000 60 32 0.427008 0.535552
1000 70 4 0.433632 0.566272
1000 70 8 0.242432 0.254976
1000 70 12 0.478144 0.571392
1000 70 16 0.462848 0.503808
1000 70 20 0.434848 0.526336
1000 70 24 0.435616 0.503808
1000 70 28 0.432128 0.532480
1000 70 32 0.434752 0.530432
1000 80 4 0.377696 0.527360
1000 80 8 0.242080 0.250880
1000 80 12 0.483072 0.534528
1000 80 16 0.434176 0.462848
1000 80 20 0.449920 0.495616
1000 80 24 0.440928 0.493568
1000 80 28 0.429760 0.533504
1000 80 32 0.424864 0.532480
1000 90 4 0.368640 0.503808
1000 90 8 0.242624 0.248832
1000 90 12 0.450560 0.508928
1000 90 16 0.421632 0.488448
1000 90 20 0.433152 0.510976
1000 90 24 0.449984 0.499712
1000 90 28 0.425280 0.522240
1000 90 32 0.430560 0.550912
1000 100 4 0.337856 0.448512
1000 100 8 0.240448 0.240640
1000 100 12 0.437248 0.453632
1000 100 16 0.452416 0.479232
1000 100 20 0.454080 0.494592
1000 100 24 0.426624 0.483328
1000 100 28 0.440160 0.530432
1000 100 32 0.428704 0.515072
