100 10 4 0.019456 0.024576
100 10 8 0.011264 0.012288
100 10 12 0.011264 0.011264
100 10 16 0.011264 0.011264
100 10 20 0.010240 0.009216
100 10 24 0.011264 0.010240
100 10 28 0.011264 0.010240
100 10 32 0.012288 0.010240
100 20 4 0.013312 0.015360
100 20 8 0.009216 0.010240
100 20 12 0.011264 0.011264
100 20 16 0.011264 0.019456
100 20 20 0.010240 0.010240
100 20 24 0.011264 0.022528
100 20 28 0.011264 0.010240
100 20 32 0.011264 0.011264
100 30 4 0.011264 0.013312
100 30 8 0.009216 0.009216
100 30 12 0.010240 0.009216
100 30 16 0.011264 0.010240
100 30 20 0.011264 0.010240
100 30 24 0.011264 0.010240
100 30 28 0.011264 0.010240
100 30 32 0.011264 0.010240
100 40 4 0.018432 0.010240
100 40 8 0.009216 0.008192
100 40 12 0.010240 0.010240
100 40 16 0.010240 0.009216
100 40 20 0.011264 0.009216
100 40 24 0.011264 0.009216
100 40 28 0.011264 0.009216
100 40 32 0.011264 0.010240
100 50 4 0.010240 0.010240
100 50 8 0.009216 0.008192
100 50 12 0.011264 0.010240
100 50 16 0.011264 0.010240
100 50 20 0.011264 0.010240
100 50 24 0.011264 0.009216
100 50 28 0.011264 0.010240
100 50 32 0.011264 0.010240
100 60 4 0.010240 0.010240
100 60 8 0.009216 0.007168
100 60 12 0.011264 0.009216
100 60 16 0.011264 0.010240
100 60 20 0.020480 0.009216
100 60 24 0.011264 0.010240
100 60 28 0.011264 0.010240
100 60 32 0.013312 0.011264
100 70 4 0.010240 0.009216
100 70 8 0.020480 0.007168
100 70 12 0.011264 0.009216
100 70 16 0.012288 0.009216
100 70 20 0.011264 0.009216
100 70 24 0.011264 0.022528
100 70 28 0.012288 0.011264
100 70 32 0.013312 0.012288
100 80 4 0.009216 0.009216
100 80 8 0.008192 0.007168
100 80 12 0.011264 0.010240
100 80 16 0.011264 0.009216
100 80 20 0.011264 0.009216
100 80 24 0.014336 0.010240
100 80 28 0.012288 0.011264
100 80 32 0.014336 0.012288
100 90 4 0.009216 0.009216
100 90 8 0.009216 0.007168
100 90 12 0.011264 0.009216
100 90 16 0.018432 0.017408
100 90 20 0.011264 0.010240
100 90 24 0.012288 0.010240
100 90 28 0.013312 0.011264
100 90 32 0.014336 0.012288
100 100 4 0.009216 0.008192
100 100 8 0.009216 0.006144
100 100 12 0.011264 0.010240
100 100 16 0.011264 0.010240
100 100 20 0.011264 0.010240
100 100 24 0.011264 0.010240
100 100 28 0.014336 0.012288
100 100 32 0.021504 0.022528
200 10 4 0.057248 0.083968
200 10 8 0.021216 0.029696
200 10 12 0.025408 0.027648
200 10 16 0.024576 0.024576
200 10 20 0.031296 0.023552
200 10 24 0.033376 0.024576
200 10 28 0.033504 0.023552
200 10 32 0.024576 0.025600
200 20 4 0.032768 0.046080
200 20 8 0.017408 0.018432
200 20 12 0.024576 0.024576
200 20 16 0.023936 0.022528
200 20 20 0.023296 0.021504
200 20 24 0.023168 0.022528
200 20 28 0.022944 0.023552
200 20 32 0.023200 0.023552
200 30 4 0.025440 0.033792
200 30 8 0.016832 0.016384
200 30 12 0.024544 0.022528
200 30 16 0.023424 0.022528
200 30 20 0.023904 0.022528
200 30 24 0.022528 0.022528
200 30 28 0.023552 0.023552
200 30 32 0.023136 0.023552
200 40 4 0.021504 0.028672
200 40 8 0.015936 0.015360
200 40 12 0.023552 0.022528
200 40 16 0.023936 0.022528
200 40 20 0.023424 0.022528
200 40 24 0.023456 0.022528
200 40 28 0.023552 0.022528
200 40 32 0.023552 0.023552
200 50 4 0.019456 0.024576
200 50 8 0.015808 0.014336
200 50 12 0.023552 0.023552
200 50 16 0.022528 0.022528
200 50 20 0.023904 0.022528
200 50 24 0.022528 0.022528
200 50 28 0.023232 0.022528
200 50 32 0.023360 0.023552
200 60 4 0.018080 0.021504
200 60 8 0.015360 0.014336
200 60 12 0.023552 0.023552
200 60 16 0.023232 0.021504
200 60 20 0.023424 0.021504
200 60 24 0.023424 0.021504
200 60 28 0.023456 0.022528
200 60 32 0.022848 0.022528
200 70 4 0.017984 0.020480
200 70 8 0.014880 0.013312
200 70 12 0.022528 0.021504
200 70 16 0.023264 0.026624
200 70 20 0.023552 0.022528
200 70 24 0.022528 0.021504
200 70 28 0.023552 0.023552
200 70 32 0.023072 0.023552
200 80 4 0.017728 0.019456
200 80 8 0.015008 0.014336
200 80 12 0.023968 0.030720
200 80 16 0.023008 0.021504
200 80 20 0.023552 0.021504
200 80 24 0.022848 0.022528
200 80 28 0.023392 0.023552
200 80 32 0.023040 0.024576
200 90 4 0.016384 0.019456
200 90 8 0.014336 0.018432
200 90 12 0.023488 0.023552
200 90 16 0.022976 0.022528
200 90 20 0.024064 0.022528
200 90 24 0.022496 0.022528
200 90 28 0.023552 0.024576
200 90 32 0.023200 0.023552
200 100 4 0.016896 0.019456
200 100 8 0.015072 0.014336
200 100 12 0.023552 0.022528
200 100 16 0.022528 0.023552
200 100 20 0.023552 0.023552
200 100 24 0.022528 0.022528
200 100 28 0.024992 0.023552
200 100 32 0.024160 0.024576
300 10 4 0.182816 0.243712
300 10 8 0.059200 0.077824
300 10 12 0.048128 0.054272
300 10 16 0.047648 0.048128
300 10 20 0.045792 0.046080
300 10 24 0.047104 0.047104
300 10 28 0.046080 0.049152
300 10 32 0.049152 0.045056
300 20 4 0.096128 0.128000
300 20 8 0.038912 0.046080
300 20 12 0.047104 0.050176
300 20 16 0.046880 0.046080
300 20 20 0.045056 0.045056
300 20 24 0.048128 0.046080
300 20 28 0.046816 0.047104
300 20 32 0.045504 0.044032
300 30 4 0.068608 0.092160
300 30 8 0.031456 0.036864
300 30 12 0.045824 0.046080
300 30 16 0.046624 0.053248
300 30 20 0.045728 0.047104
300 30 24 0.045696 0.046080
300 30 28 0.054272 0.045056
300 30 32 0.045056 0.044032
300 40 4 0.054208 0.070656
300 40 8 0.028640 0.030720
300 40 12 0.046080 0.046080
300 40 16 0.046080 0.045056
300 40 20 0.047104 0.045056
300 40 24 0.045952 0.047104
300 40 28 0.044032 0.046080
300 40 32 0.044032 0.044032
300 50 4 0.055904 0.060416
300 50 8 0.028160 0.028672
300 50 12 0.046624 0.045056
300 50 16 0.043360 0.044032
300 50 20 0.045472 0.044032
300 50 24 0.045984 0.044032
300 50 28 0.045952 0.046080
300 50 32 0.044544 0.047104
300 60 4 0.041824 0.052224
300 60 8 0.028096 0.027648
300 60 12 0.046080 0.046080
300 60 16 0.045056 0.046080
300 60 20 0.045056 0.045056
300 60 24 0.044416 0.045056
300 60 28 0.045056 0.060416
300 60 32 0.043936 0.046080
300 70 4 0.037888 0.048128
300 70 8 0.027648 0.027648
300 70 12 0.044032 0.050176
300 70 16 0.044000 0.043008
300 70 20 0.046080 0.045120
300 70 24 0.044768 0.044032
300 70 28 0.044032 0.046080
300 70 32 0.044000 0.046080
300 80 4 0.035840 0.044032
300 80 8 0.027424 0.027648
300 80 12 0.048960 0.049152
300 80 16 0.045056 0.045056
300 80 20 0.046016 0.043008
300 80 24 0.044864 0.045056
300 80 28 0.044992 0.047104
300 80 32 0.044032 0.044032
300 90 4 0.033536 0.041984
300 90 8 0.028064 0.026624
300 90 12 0.046944 0.049152
300 90 16 0.044896 0.044032
300 90 20 0.045056 0.044032
300 90 24 0.044768 0.046080
300 90 28 0.045504 0.047104
300 90 32 0.043552 0.046080
300 100 4 0.032352 0.037888
300 100 8 0.027648 0.026624
300 100 12 0.044736 0.045056
300 100 16 0.043680 0.041984
300 100 20 0.043936 0.044032
300 100 24 0.044736 0.044032
300 100 28 0.044704 0.046080
300 100 32 0.044032 0.046080
400 10 4 0.322176 0.431104
400 10 8 0.097888 0.132096
400 10 12 0.079872 0.092160
400 10 16 0.087872 0.073728
400 10 20 0.075296 0.077824
400 10 24 0.076800 0.080896
400 10 28 0.075488 0.078848
400 10 32 0.076384 0.079872
400 20 4 0.166656 0.226304
400 20 8 0.062208 0.075776
400 20 12 0.077568 0.076800
400 20 16 0.074752 0.074752
400 20 20 0.074528 0.073728
400 20 24 0.079872 0.080896
400 20 28 0.075168 0.075776
400 20 32 0.074560 0.073728
400 30 4 0.118784 0.157696
400 30 8 0.051872 0.070656
400 30 12 0.076608 0.076800
400 30 16 0.079264 0.074752
400 30 20 0.076768 0.077824
400 30 24 0.074752 0.075776
400 30 28 0.074688 0.075776
400 30 32 0.074304 0.075776
400 40 4 0.096832 0.121856
400 40 8 0.047072 0.051200
400 40 12 0.077408 0.076800
400 40 16 0.074752 0.074752
400 40 20 0.076800 0.076800
400 40 24 0.080256 0.074752
400 40 28 0.075584 0.074752
400 40 32 0.072256 0.072704
400 50 4 0.080288 0.100352
400 50 8 0.043424 0.044032
400 50 12 0.076768 0.077824
400 50 16 0.079712 0.075776
400 50 20 0.076800 0.076800
400 50 24 0.073120 0.073728
400 50 28 0.073312 0.075776
400 50 32 0.071200 0.073728
400 60 4 0.071200 0.089088
400 60 8 0.042944 0.041984
400 60 12 0.076800 0.087040
400 60 16 0.074752 0.078848
400 60 20 0.077760 0.076800
400 60 24 0.073120 0.073728
400 60 28 0.072704 0.076800
400 60 32 0.071296 0.076800
400 70 4 0.065248 0.080896
400 70 8 0.042400 0.041984
400 70 12 0.073344 0.077824
400 70 16 0.075776 0.075776
400 70 20 0.073408 0.073728
400 70 24 0.073024 0.073728
400 70 28 0.077312 0.076800
400 70 32 0.070656 0.075776
400 80 4 0.059392 0.072704
400 80 8 0.042592 0.041024
400 80 12 0.079648 0.081920
400 80 16 0.073568 0.073728
400 80 20 0.076576 0.074752
400 80 24 0.073248 0.073728
400 80 28 0.072544 0.077824
400 80 32 0.071648 0.073728
400 90 4 0.056640 0.066560
400 90 8 0.041984 0.040960
400 90 12 0.075776 0.080896
400 90 16 0.071040 0.073728
400 90 20 0.074432 0.074720
400 90 24 0.072576 0.072704
400 90 28 0.072704 0.077824
400 90 32 0.071648 0.073728
400 100 4 0.051840 0.063488
400 100 8 0.041664 0.040960
400 100 12 0.074400 0.077824
400 100 16 0.074752 0.070656
400 100 20 0.075072 0.075776
400 100 24 0.073280 0.073728
400 100 28 0.072704 0.077824
400 100 32 0.070656 0.073728
500 10 4 0.498048 0.669696
500 10 8 0.149472 0.202752
500 10 12 0.130048 0.149504
500 10 16 0.127648 0.139264
500 10 20 0.121856 0.122880
500 10 24 0.124832 0.132096
500 10 28 0.125248 0.130048
500 10 32 0.120192 0.128000
500 20 4 0.255840 0.343040
500 20 8 0.093152 0.119808
500 20 12 0.124928 0.129024
500 20 16 0.122368 0.128000
500 20 20 0.119744 0.123904
500 20 24 0.130752 0.135168
500 20 28 0.121696 0.124928
500 20 32 0.120288 0.124928
500 30 4 0.187936 0.247808
500 30 8 0.077536 0.090112
500 30 12 0.122688 0.128000
500 30 16 0.120480 0.122880
500 30 20 0.121440 0.128000
500 30 24 0.121280 0.123904
500 30 28 0.119808 0.121856
500 30 32 0.119392 0.123904
500 40 4 0.144256 0.186368
500 40 8 0.072032 0.075776
500 40 12 0.124224 0.124928
500 40 16 0.119616 0.122880
500 40 20 0.120256 0.122880
500 40 24 0.121280 0.121856
500 40 28 0.116512 0.119808
500 40 32 0.115296 0.117760
500 50 4 0.122464 0.166912
500 50 8 0.069056 0.070656
500 50 12 0.124928 0.126976
500 50 16 0.133760 0.125952
500 50 20 0.119264 0.121856
500 50 24 0.116192 0.117760
500 50 28 0.115008 0.120832
500 50 32 0.113504 0.123904
500 60 4 0.107296 0.134144
500 60 8 0.068544 0.068608
500 60 12 0.120832 0.123904
500 60 16 0.121664 0.141312
500 60 20 0.121856 0.119808
500 60 24 0.114496 0.120832
500 60 28 0.116416 0.122880
500 60 32 0.114016 0.121856
500 70 4 0.097056 0.119808
500 70 8 0.068160 0.068608
500 70 12 0.116384 0.121856
500 70 16 0.123744 0.120832
500 70 20 0.117664 0.122880
500 70 24 0.115200 0.118784
500 70 28 0.114528 0.120832
500 70 32 0.115712 0.119808
500 80 4 0.092544 0.110592
500 80 8 0.067360 0.067584
500 80 12 0.135168 0.142336
500 80 16 0.118784 0.118784
500 80 20 0.116736 0.117760
500 80 24 0.116736 0.118784
500 80 28 0.115264 0.123904
500 80 32 0.118784 0.120832
500 90 4 0.087040 0.101376
500 90 8 0.067232 0.068608
500 90 12 0.120832 0.129024
500 90 16 0.113664 0.116736
500 90 20 0.116192 0.116736
500 90 24 0.116064 0.118784
500 90 28 0.115712 0.123904
500 90 32 0.120832 0.126976
500 100 4 0.079872 0.094208
500 100 8 0.068480 0.078848
500 100 12 0.123904 0.122880
500 100 16 0.119520 0.115712
500 100 20 0.115712 0.117760
500 100 24 0.117760 0.118784
500 100 28 0.118784 0.124928
500 100 32 0.124512 0.128000
600 10 4 0.714752 0.959488
600 10 8 0.214496 0.288768
600 10 12 0.177120 0.199680
600 10 16 0.171808 0.176128
600 10 20 0.167520 0.172032
600 10 24 0.170528 0.174080
600 10 28 0.171008 0.181248
600 10 32 0.169856 0.176128
600 20 4 0.371712 0.506880
600 20 8 0.138240 0.166912
600 20 12 0.172384 0.179200
600 20 16 0.168704 0.173056
600 20 20 0.169984 0.175104
600 20 24 0.185824 0.196608
600 20 28 0.166912 0.172032
600 20 32 0.161792 0.166912
600 30 4 0.264768 0.351232
600 30 8 0.111392 0.123904
600 30 12 0.169792 0.173056
600 30 16 0.165728 0.169984
600 30 20 0.164864 0.173056
600 30 24 0.164864 0.167936
600 30 28 0.166912 0.172032
600 30 32 0.160768 0.166912
600 40 4 0.207872 0.267264
600 40 8 0.100064 0.107520
600 40 12 0.172032 0.174080
600 40 16 0.166912 0.171008
600 40 20 0.168448 0.172032
600 40 24 0.175552 0.166912
600 40 28 0.168736 0.167936
600 40 32 0.158560 0.162816
600 50 4 0.176480 0.223232
600 50 8 0.092160 0.095232
600 50 12 0.174080 0.178176
600 50 16 0.172512 0.178176
600 50 20 0.167584 0.165920
600 50 24 0.163840 0.166912
600 50 28 0.163840 0.167936
600 50 32 0.161664 0.165888
600 60 4 0.153088 0.192512
600 60 8 0.091136 0.092160
600 60 12 0.169376 0.173056
600 60 16 0.163328 0.171008
600 60 20 0.167904 0.176128
600 60 24 0.166592 0.165888
600 60 28 0.163776 0.171008
600 60 32 0.157696 0.168960
600 70 4 0.144832 0.174080
600 70 8 0.090432 0.091136
600 70 12 0.161152 0.180224
600 70 16 0.168704 0.162816
600 70 20 0.162240 0.168960
600 70 24 0.160768 0.165888
600 70 28 0.162400 0.166912
600 70 32 0.160768 0.163840
600 80 4 0.129024 0.157696
600 80 8 0.091072 0.091136
600 80 12 0.175808 0.191488
600 80 16 0.165888 0.171008
600 80 20 0.162496 0.169984
600 80 24 0.162816 0.164864
600 80 28 0.159744 0.168960
600 80 32 0.158432 0.166912
600 90 4 0.126400 0.147456
600 90 8 0.090112 0.090112
600 90 12 0.170528 0.183296
600 90 16 0.163168 0.160768
600 90 20 0.161536 0.164864
600 90 24 0.159744 0.160768
600 90 28 0.162688 0.169984
600 90 32 0.161088 0.169984
600 100 4 0.119648 0.135168
600 100 8 0.090784 0.092160
600 100 12 0.169760 0.174080
600 100 16 0.165888 0.165888
600 100 20 0.169984 0.166912
600 100 24 0.160672 0.163840
600 100 28 0.164576 0.175104
600 100 32 0.157568 0.165888
700 10 4 0.970176 1.310720
700 10 8 0.300032 0.395264
700 10 12 0.247808 0.275456
700 10 16 0.233248 0.231424
700 10 20 0.229152 0.232448
700 10 24 0.233280 0.234496
700 10 28 0.224896 0.235520
700 10 32 0.218848 0.227328
700 20 4 0.498496 0.666624
700 20 8 0.184960 0.224256
700 20 12 0.238976 0.237568
700 20 16 0.236928 0.231424
700 20 20 0.224256 0.225280
700 20 24 0.253952 0.261120
700 20 28 0.228832 0.230400
700 20 32 0.223136 0.229376
700 30 4 0.359424 0.480256
700 30 8 0.152352 0.172032
700 30 12 0.234080 0.237568
700 30 16 0.229376 0.231424
700 30 20 0.231744 0.238592
700 30 24 0.230400 0.234496
700 30 28 0.229376 0.232448
700 30 32 0.221824 0.226304
700 40 4 0.278176 0.360448
700 40 8 0.135168 0.147456
700 40 12 0.232864 0.235520
700 40 16 0.226144 0.232448
700 40 20 0.229216 0.229376
700 40 24 0.242656 0.233472
700 40 28 0.224768 0.232448
700 40 32 0.215680 0.228352
700 50 4 0.243712 0.301056
700 50 8 0.129888 0.131072
700 50 12 0.233472 0.234496
700 50 16 0.237568 0.244736
700 50 20 0.222208 0.224256
700 50 24 0.219840 0.225280
700 50 28 0.225280 0.227328
700 50 32 0.214752 0.225280
700 60 4 0.208800 0.259072
700 60 8 0.127520 0.125952
700 60 12 0.230208 0.234496
700 60 16 0.223648 0.233472
700 60 20 0.236512 0.228352
700 60 24 0.216448 0.224256
700 60 28 0.219104 0.236544
700 60 32 0.220000 0.225280
700 70 4 0.193536 0.233472
700 70 8 0.128480 0.130048
700 70 12 0.224736 0.241664
700 70 16 0.228352 0.229376
700 70 20 0.221760 0.226304
700 70 24 0.224992 0.246784
700 70 28 0.213920 0.227328
700 70 32 0.215520 0.226304
700 80 4 0.174720 0.212992
700 80 8 0.126976 0.130048
700 80 12 0.235168 0.262144
700 80 16 0.222112 0.228352
700 80 20 0.226944 0.231424
700 80 24 0.223232 0.220160
700 80 28 0.215776 0.223232
700 80 32 0.213312 0.222208
700 90 4 0.166752 0.195584
700 90 8 0.126976 0.126976
700 90 12 0.225600 0.239616
700 90 16 0.216512 0.221184
700 90 20 0.217536 0.222208
700 90 24 0.216896 0.228352
700 90 28 0.217088 0.225280
700 90 32 0.212896 0.220160
700 100 4 0.156672 0.182240
700 100 8 0.126496 0.125952
700 100 12 0.247200 0.225280
700 100 16 0.228928 0.219136
700 100 20 0.224256 0.239616
700 100 24 0.220032 0.219136
700 100 28 0.218112 0.227328
700 100 32 0.218560 0.230400
800 10 4 1.272768 1.713152
800 10 8 0.380928 0.509952
800 10 12 0.315392 0.368640
800 10 16 0.283648 0.286720
800 10 20 0.283040 0.287744
800 10 24 0.290272 0.293888
800 10 28 0.294272 0.310272
800 10 32 0.278144 0.283648
800 20 4 0.662528 0.893952
800 20 8 0.248544 0.290816
800 20 12 0.291840 0.296960
800 20 16 0.279552 0.284672
800 20 20 0.281248 0.284672
800 20 24 0.313024 0.321536
800 20 28 0.288448 0.294912
800 20 32 0.279328 0.283648
800 30 4 0.483872 0.619520
800 30 8 0.199456 0.226304
800 30 12 0.291264 0.293888
800 30 16 0.279552 0.281600
800 30 20 0.285280 0.290816
800 30 24 0.281312 0.286720
800 30 28 0.282624 0.289792
800 30 32 0.283104 0.288768
800 40 4 0.376544 0.476160
800 40 8 0.171936 0.189440
800 40 12 0.291456 0.293888
800 40 16 0.280576 0.283648
800 40 20 0.285472 0.300032
800 40 24 0.307104 0.284672
800 40 28 0.286720 0.286720
800 40 32 0.281600 0.282624
800 50 4 0.330176 0.398336
800 50 8 0.155328 0.161792
800 50 12 0.292864 0.297984
800 50 16 0.294528 0.322560
800 50 20 0.296800 0.293888
800 50 24 0.278272 0.277504
800 50 28 0.292480 0.283648
800 50 32 0.271200 0.285696
800 60 4 0.278528 0.343040
800 60 8 0.152224 0.154624
800 60 12 0.291840 0.302080
800 60 16 0.280576 0.292864
800 60 20 0.286304 0.300032
800 60 24 0.283648 0.297984
800 60 28 0.275328 0.291840
800 60 32 0.283040 0.281600
800 70 4 0.271360 0.311296
800 70 8 0.154080 0.153600
800 70 12 0.280064 0.287744
800 70 16 0.289408 0.292864
800 70 20 0.274944 0.279552
800 70 24 0.296960 0.286720
800 70 28 0.279264 0.306176
800 70 32 0.273408 0.282624
800 80 4 0.235360 0.282624
800 80 8 0.153184 0.152576
800 80 12 0.310016 0.335872
800 80 16 0.280576 0.284672
800 80 20 0.291680 0.277504
800 80 24 0.272928 0.279552
800 80 28 0.273760 0.283648
800 80 32 0.272992 0.282624
800 90 4 0.229952 0.266240
800 90 8 0.153024 0.153600
800 90 12 0.287744 0.311296
800 90 16 0.267936 0.270336
800 90 20 0.274080 0.282624
800 90 24 0.275008 0.281600
800 90 28 0.275904 0.281600
800 90 32 0.275136 0.280576
800 100 4 0.208256 0.245760
800 100 8 0.152320 0.151552
800 100 12 0.285440 0.294912
800 100 16 0.279328 0.275456
800 100 20 0.293888 0.282624
800 100 24 0.275808 0.276480
800 100 28 0.274048 0.294912
800 100 32 0.273408 0.288768
900 10 4 1.600512 2.178048
900 10 8 0.484288 0.649216
900 10 12 0.404128 0.445440
900 10 16 0.377344 0.393216
900 10 20 0.372096 0.381952
900 10 24 0.377344 0.388096
900 10 28 0.382752 0.389120
900 10 32 0.402432 0.389120
900 20 4 0.824768 1.102848
900 20 8 0.309888 0.374784
900 20 12 0.377856 0.384000
900 20 16 0.371296 0.384000
900 20 20 0.364384 0.374784
900 20 24 0.435936 0.433152
900 20 28 0.374624 0.382976
900 20 32 0.366944 0.371712
900 30 4 0.597408 0.790528
900 30 8 0.260672 0.285696
900 30 12 0.372736 0.381952
900 30 16 0.366592 0.375808
900 30 20 0.370688 0.400384
900 30 24 0.374784 0.380928
900 30 28 0.370560 0.379904
900 30 32 0.363232 0.372736
900 40 4 0.463872 0.593920
900 40 8 0.229184 0.241664
900 40 12 0.373600 0.386048
900 40 16 0.367616 0.375808
900 40 20 0.368640 0.375808
900 40 24 0.398944 0.372736
900 40 28 0.369664 0.378880
900 40 32 0.360256 0.374784
900 50 4 0.415296 0.508928
900 50 8 0.210528 0.216064
900 50 12 0.381728 0.398336
900 50 16 0.383904 0.380928
900 50 20 0.372576 0.376832
900 50 24 0.353952 0.365664
900 50 28 0.376288 0.371712
900 50 32 0.349696 0.370688
900 60 4 0.348736 0.440320
900 60 8 0.207552 0.211968
900 60 12 0.373728 0.380928
900 60 16 0.366112 0.401408
900 60 20 0.365568 0.375808
900 60 24 0.354304 0.377856
900 60 28 0.377408 0.380928
900 60 32 0.351040 0.369664
900 70 4 0.333824 0.392192
900 70 8 0.209920 0.215040
900 70 12 0.383328 0.419840
900 70 16 0.375264 0.363520
900 70 20 0.364128 0.377856
900 70 24 0.352992 0.376832
900 70 28 0.364896 0.375808
900 70 32 0.344064 0.373760
900 80 4 0.297728 0.351232
900 80 8 0.211520 0.217088
900 80 12 0.389024 0.444416
900 80 16 0.365152 0.388096
900 80 20 0.365568 0.367616
900 80 24 0.358944 0.367616
900 80 28 0.350848 0.378880
900 80 32 0.348160 0.374784
900 90 4 0.283200 0.333824
900 90 8 0.206752 0.220160
900 90 12 0.377856 0.406528
900 90 16 0.351232 0.356352
900 90 20 0.353600 0.365568
900 90 24 0.368096 0.366592
900 90 28 0.356352 0.379904
900 90 32 0.349760 0.377856
900 100 4 0.263520 0.322560
900 100 8 0.202688 0.214016
900 100 12 0.371712 0.368640
900 100 16 0.375808 0.377856
900 100 20 0.370080 0.361472
900 100 24 0.355328 0.361472
900 100 28 0.353280 0.368640
900 100 32 0.346112 0.365568
1000 10 4 1.976288 2.691072
1000 10 8 0.598784 0.797696
1000 10 12 0.499712 0.557056
1000 10 16 0.447232 0.466944
1000 10 20 0.443072 0.458752
1000 10 24 0.445792 0.473088
1000 10 28 0.472960 0.466944
1000 10 32 0.498656 0.480256
1000 20 4 1.032192 1.381376
1000 20 8 0.381952 0.462848
1000 20 12 0.457696 0.462848
1000 20 16 0.439872 0.453632
1000 20 20 0.444256 0.457728
1000 20 24 0.527360 0.519168
1000 20 28 0.446464 0.465920
1000 20 32 0.439200 0.455680
1000 30 4 0.732576 0.971776
1000 30 8 0.317792 0.363520
1000 30 12 0.454400 0.461824
1000 30 16 0.436736 0.452608
1000 30 20 0.445184 0.467968
1000 30 24 0.453184 0.453632
1000 30 28 0.461824 0.461824
1000 30 32 0.438144 0.458752
1000 40 4 0.583584 0.743424
1000 40 8 0.280160 0.302080
1000 40 12 0.452288 0.464896
1000 40 16 0.446208 0.448512
1000 40 20 0.444064 0.452608
1000 40 24 0.481280 0.489472
1000 40 28 0.434144 0.448512
1000 40 32 0.421568 0.457728
1000 50 4 0.527808 0.627712
1000 50 8 0.243360 0.254976
1000 50 12 0.453312 0.468992
1000 50 16 0.437600 0.482304
1000 50 20 0.451392 0.457728
1000 50 24 0.417728 0.437248
1000 50 28 0.458656 0.463872
1000 50 32 0.423616 0.442368
1000 60 4 0.444256 0.542720
1000 60 8 0.238976 0.253952
1000 60 12 0.453632 0.460800
1000 60 16 0.435904 0.465920
1000 60 20 0.440320 0.456704
1000 60 24 0.450368 0.449536
1000 60 28 0.454304 0.463872
1000 60 32 0.422912 0.454656
1000 70 4 0.440960 0.505856
1000 70 8 0.241664 0.244736
1000 70 12 0.443040 0.482304
1000 70 16 0.447360 0.476160
1000 70 20 0.434112 0.452608
1000 70 24 0.439040 0.460800
1000 70 28 0.450368 0.458752
1000 70 32 0.433152 0.438272
1000 80 4 0.376832 0.445440
1000 80 8 0.243392 0.245760
1000 80 12 0.463776 0.510976
1000 80 16 0.436000 0.450560
1000 80 20 0.438752 0.445440
1000 80 24 0.441088 0.451584
1000 80 28 0.433888 0.462848
1000 80 32 0.425984 0.444416
1000 90 4 0.372224 0.432128
1000 90 8 0.240640 0.244736
1000 90 12 0.449024 0.488448
1000 90 16 0.420704 0.442368
1000 90 20 0.432640 0.439296
1000 90 24 0.447488 0.446464
1000 90 28 0.429920 0.451584
1000 90 32 0.424800 0.459776
1000 100 4 0.330656 0.382976
1000 100 8 0.240640 0.241664
1000 100 12 0.439264 0.453632
1000 100 16 0.446464 0.428032
1000 100 20 0.451552 0.441344
1000 100 24 0.428032 0.440320
1000 100 28 0.438816 0.464896
1000 100 32 0.430624 0.444416
