1 0.000000 19.4
1025 0.000000 21066.2
2049 0.000000 37596.3
3073 0.000001 44861.3
4097 0.000001 42250.7
5121 0.000001 64364.5
6145 0.000001 68088.6
7169 0.000001 72277.2
8193 0.000001 61804.8
9217 0.000001 75899.1
10241 0.000001 81846.2
11265 0.000001 83117.4
12289 0.000001 65432.3
13313 0.000001 81068.7
14337 0.000001 80928.6
15361 0.000001 79888.2
16385 0.000002 68529.6
17409 0.000002 73659.7
18433 0.000002 76884.3
19457 0.000002 77556.6
20481 0.000002 70952.9
21505 0.000002 75324.0
22529 0.000002 76531.6
23553 0.000002 79236.3
24577 0.000003 73057.5
25601 0.000002 79413.7
26625 0.000003 77979.1
27649 0.000003 81253.4
28673 0.000003 74645.0
29697 0.000003 79830.6
30721 0.000003 79414.5
31745 0.000003 81672.3
32769 0.000003 75859.7
33793 0.000003 80495.5
34817 0.000003 81271.0
35841 0.000003 82239.5
36865 0.000004 76211.6
37889 0.000004 81877.9
38913 0.000004 82650.7
39937 0.000004 81514.5
40961 0.000004 78328.7
41985 0.000004 82192.6
43009 0.000004 81442.0
44033 0.000004 82189.5
45057 0.000004 78037.7
46081 0.000004 81744.7
47105 0.000004 82482.1
48129 0.000005 81393.5
49153 0.000005 78699.9
50177 0.000005 82770.5
51201 0.000005 81587.1
52225 0.000005 82765.5
53249 0.000005 78887.4
54273 0.000005 83105.4
55297 0.000005 81989.8
56321 0.000005 82348.2
57345 0.000006 79469.9
58369 0.000005 82540.5
59393 0.000006 82137.3
60417 0.000006 82713.4
61441 0.000006 79387.5
62465 0.000006 83054.8
63489 0.000006 81970.9
64513 0.000006 83051.7
65537 0.000010 48074.1
66561 0.000010 49618.0
67585 0.000010 50586.4
68609 0.000010 51120.9
69633 0.000010 51212.5
70657 0.000010 51546.2
71681 0.000011 51535.5
72705 0.000011 51484.0
73729 0.000011 52151.4
74753 0.000011 51681.9
75777 0.000011 52001.1
76801 0.000011 51923.3
77825 0.000011 52502.4
78849 0.000012 51963.0
79873 0.000012 52357.5
80897 0.000012 52562.5
81921 0.000012 52298.7
82945 0.000012 53479.5
83969 0.000012 53414.3
84993 0.000012 53293.4
86017 0.000012 53307.7
87041 0.000012 53921.4
88065 0.000013 53504.5
89089 0.000013 53770.3
90113 0.000013 54138.2
91137 0.000013 54348.3
92161 0.000013 54303.2
93185 0.000013 54486.2
94209 0.000013 54937.4
95233 0.000013 54959.6
96257 0.000013 54950.0
97281 0.000013 55222.3
98305 0.000014 55302.3
99329 0.000014 55575.5
100353 0.000014 55745.9
101377 0.000014 55722.7
102401 0.000014 55701.9
103425 0.000014 55804.5
104449 0.000014 56085.6
105473 0.000014 56205.4
106497 0.000014 56049.2
107521 0.000015 56199.9
108545 0.000015 56473.2
109569 0.000015 56608.4
110593 0.000015 56641.7
111617 0.000015 56794.4
112641 0.000015 56924.4
113665 0.000015 57153.1
114689 0.000015 56840.0
115713 0.000016 56837.9
116737 0.000016 56627.2
117761 0.000016 57208.1
118785 0.000016 57219.1
119809 0.000016 57344.6
120833 0.000016 57402.0
121857 0.000016 57321.7
122881 0.000016 57598.5
123905 0.000016 57654.5
124929 0.000016 57856.8
125953 0.000017 58072.1
126977 0.000017 58004.4
128001 0.000017 58032.2
129025 0.000017 58212.0
130049 0.000017 58136.3
131073 0.000017 57518.1
132097 0.000018 57307.3
133121 0.000021 48894.4
134145 0.000018 57168.1
135169 0.000018 57900.6
136193 0.000018 57802.3
137217 0.000018 58315.8
138241 0.000018 57977.9
139265 0.000018 58119.4
140289 0.000019 57698.7
141313 0.000019 57803.4
142337 0.000019 57965.9
143361 0.000019 57977.1
144385 0.000019 57854.5
145409 0.000019 57950.6
146433 0.000019 57989.0
147457 0.000019 58253.9
148481 0.000019 58220.0
149505 0.000020 58324.9
150529 0.000020 58492.6
151553 0.000020 58506.2
152577 0.000020 58478.2
153601 0.000020 58744.8
154625 0.000020 58784.4
155649 0.000020 58729.2
156673 0.000020 58737.5
157697 0.000020 59275.5
158721 0.000020 59155.3
159745 0.000021 58977.8
160769 0.000021 59081.1
161793 0.000021 59237.0
162817 0.000021 59352.5
163841 0.000021 59154.4
164865 0.000021 59428.9
165889 0.000021 59230.9
166913 0.000021 59232.3
167937 0.000022 59504.7
168961 0.000022 59466.5
169985 0.000022 59091.2
171009 0.000022 59023.3
172033 0.000022 59067.1
173057 0.000022 59016.6
174081 0.000022 59096.3
175105 0.000022 59403.6
176129 0.000023 59182.5
177153 0.000023 59165.0
178177 0.000023 59286.1
179201 0.000023 58948.3
180225 0.000023 59232.8
181249 0.000023 59530.8
182273 0.000023 59552.4
183297 0.000023 59711.9
184321 0.000024 59680.4
185345 0.000024 59448.9
186369 0.000024 59943.2
187393 0.000024 59990.4
188417 0.000024 60119.7
189441 0.000024 59715.2
190465 0.000024 59958.9
191489 0.000024 60010.9
192513 0.000024 60086.4
193537 0.000025 60009.7
194561 0.000025 60211.1
195585 0.000025 60263.4
196609 0.000025 60156.7
197633 0.000025 60091.4
198657 0.000025 60302.4
199681 0.000025 60239.0
200705 0.000025 60266.7
201729 0.000026 60099.3
202753 0.000026 60316.2
203777 0.000026 60323.6
204801 0.000026 60172.0
205825 0.000026 60048.3
206849 0.000026 60056.9
207873 0.000026 60206.1
208897 0.000026 60196.0
209921 0.000027 60096.0
210945 0.000027 60315.8
211969 0.000027 60246.8
212993 0.000027 60628.9
214017 0.000027 60586.7
215041 0.000027 60861.0
216065 0.000027 60748.4
217089 0.000027 60687.6
218113 0.000027 60863.8
219137 0.000027 60967.2
220161 0.000028 60921.6
221185 0.000028 61051.8
222209 0.000028 60876.6
223233 0.000028 61072.9
224257 0.000028 61015.6
225281 0.000028 60933.6
226305 0.000028 61146.5
227329 0.000028 61008.0
228353 0.000029 61006.5
229377 0.000029 61063.9
230401 0.000029 60895.8
231425 0.000029 60769.9
232449 0.000029 60879.9
233473 0.000029 61174.6
234497 0.000029 61159.5
235521 0.000029 60987.2
236545 0.000030 61025.2
237569 0.000030 60927.8
238593 0.000030 60905.9
239617 0.000030 60946.5
240641 0.000030 60822.2
241665 0.000030 60990.4
242689 0.000030 60829.6
243713 0.000030 61068.0
244737 0.000031 60995.1
245761 0.000031 61393.7
246785 0.000031 61325.9
247809 0.000031 61308.0
248833 0.000031 61496.2
249857 0.000031 61185.6
250881 0.000031 61419.9
251905 0.000031 61528.9
252929 0.000031 61583.0
253953 0.000031 61650.8
254977 0.000032 61550.6
256001 0.000032 61538.2
257025 0.000032 61625.6
258049 0.000032 61549.7
259073 0.000032 61651.0
260097 0.000032 61927.9
261121 0.000032 61791.9
262145 0.000032 61871.8
263169 0.000032 61876.2
264193 0.000033 61753.5
265217 0.000033 61714.3
266241 0.000033 61706.6
267265 0.000033 61446.4
268289 0.000040 51403.7
269313 0.000033 61897.7
270337 0.000034 61403.2
271361 0.000034 61436.9
272385 0.000034 61657.4
273409 0.000034 61571.2
274433 0.000034 61619.7
275457 0.000034 61480.4
276481 0.000034 61574.9
277505 0.000034 61693.9
278529 0.000034 61679.9
279553 0.000035 61695.3
280577 0.000035 61773.9
281601 0.000035 61912.0
282625 0.000035 62000.8
283649 0.000035 61963.0
284673 0.000035 62033.4
285697 0.000035 62061.2
286721 0.000035 61947.7
287745 0.000035 61956.0
288769 0.000035 62110.5
289793 0.000036 62172.7
290817 0.000036 62238.0
291841 0.000036 62258.6
292865 0.000036 62354.8
293889 0.000036 62252.3
294913 0.000036 62291.9
295937 0.000036 62159.8
296961 0.000036 62289.4
297985 0.000037 62182.2
299009 0.000037 62326.4
300033 0.000037 62231.4
301057 0.000037 62360.9
302081 0.000037 62304.8
303105 0.000037 62340.4
304129 0.000037 62246.2
305153 0.000037 62401.1
306177 0.000037 62361.4
307201 0.000038 62414.3
308225 0.000038 62306.2
309249 0.000038 62397.3
310273 0.000038 62475.9
311297 0.000038 62614.0
312321 0.000038 62608.6
313345 0.000038 62630.6
314369 0.000038 62584.3
315393 0.000038 62765.2
316417 0.000039 62627.4
317441 0.000039 62792.0
318465 0.000039 62845.0
319489 0.000039 62839.4
320513 0.000039 62818.4
321537 0.000039 62868.1
322561 0.000039 62870.1
323585 0.000039 62961.9
324609 0.000039 62871.0
325633 0.000039 63021.7
326657 0.000040 62908.3
327681 0.000040 62975.5
328705 0.000040 62923.6
329729 0.000040 63027.6
330753 0.000040 63055.7
331777 0.000040 62959.9
332801 0.000040 62927.0
333825 0.000040 62947.6
334849 0.000041 62973.4
335873 0.000041 63020.4
336897 0.000041 62982.1
337921 0.000041 63091.3
338945 0.000041 63035.7
339969 0.000041 63086.1
340993 0.000041 63067.7
342017 0.000041 63171.2
343041 0.000042 63052.1
344065 0.000041 63488.7
345089 0.000042 63291.9
346113 0.000042 63384.5
347137 0.000042 63479.7
348161 0.000042 63565.7
349185 0.000042 63438.4
350209 0.000042 63486.1
351233 0.000042 63538.2
352257 0.000042 63632.4
353281 0.000042 63654.6
354305 0.000043 63472.1
355329 0.000043 63594.6
356353 0.000043 63760.8
357377 0.000043 63611.4
358401 0.000043 63668.7
359425 0.000043 63756.4
360449 0.000043 63595.4
361473 0.000043 63759.9
362497 0.000043 63717.5
363521 0.000044 63726.4
364545 0.000044 63769.6
365569 0.000044 63690.8
366593 0.000044 63575.6
367617 0.000044 63707.3
368641 0.000044 63667.9
369665 0.000044 63675.3
370689 0.000044 63755.6
371713 0.000044 63747.0
372737 0.000045 63664.4
373761 0.000045 63528.3
374785 0.000045 63503.0
375809 0.000045 63680.6
376833 0.000045 63906.2
377857 0.000045 63834.3
378881 0.000045 63797.8
379905 0.000045 63895.2
380929 0.000045 63877.1
381953 0.000046 63891.1
382977 0.000046 63876.7
384001 0.000046 63885.7
385025 0.000046 63930.8
386049 0.000046 63931.3
387073 0.000046 64001.5
388097 0.000046 64075.5
389121 0.000046 64031.8
390145 0.000047 63949.7
391169 0.000047 63995.3
392193 0.000047 64148.7
393217 0.000047 64197.7
394241 0.000047 64157.7
395265 0.000047 64168.3
396289 0.000047 64040.6
397313 0.000047 64146.4
398337 0.000047 64125.4
399361 0.000048 64119.3
400385 0.000048 64023.5
401409 0.000048 63894.1
402433 0.000048 63825.1
403457 0.000048 63970.4
404481 0.000048 63814.9
405505 0.000048 63925.1
406529 0.000049 63920.9
407553 0.000049 63927.1
408577 0.000049 63796.5
409601 0.000049 64042.1
410625 0.000049 64072.6
411649 0.000049 64139.1
412673 0.000049 64109.5
413697 0.000049 64231.8
414721 0.000049 64176.9
415745 0.000049 64230.4
416769 0.000050 64184.3
417793 0.000050 64234.2
418817 0.000050 64183.4
419841 0.000050 64231.8
420865 0.000050 64221.1
421889 0.000050 64399.8
422913 0.000050 64133.0
423937 0.000050 64193.7
424961 0.000051 64057.4
425985 0.000050 64413.6
427009 0.000051 64307.7
428033 0.000051 64361.3
429057 0.000051 64214.5
430081 0.000051 64296.2
431105 0.000051 64192.8
432129 0.000051 64292.4
433153 0.000052 63949.1
434177 0.000052 64175.4
435201 0.000052 64086.1
436225 0.000052 64018.3
437249 0.000052 64004.8
438273 0.000052 64060.4
439297 0.000052 63962.3
440321 0.000052 64017.6
441345 0.000053 64015.5
442369 0.000053 64159.4
443393 0.000053 64254.0
444417 0.000053 64200.1
445441 0.000053 64281.5
446465 0.000053 64274.2
447489 0.000053 64350.4
448513 0.000053 64364.1
449537 0.000053 64282.7
450561 0.000054 64189.1
451585 0.000054 64354.1
452609 0.000054 64384.5
453633 0.000054 64451.1
454657 0.000054 64512.4
455681 0.000054 64463.3
456705 0.000054 64350.1
457729 0.000054 64384.1
458753 0.000054 64458.5
459777 0.000054 64426.1
460801 0.000055 64490.0
461825 0.000055 64393.1
462849 0.000055 64446.0
463873 0.000055 64377.6
464897 0.000055 64364.8
465921 0.000055 64386.5
466945 0.000055 64427.6
467969 0.000056 64277.3
468993 0.000056 64345.6
470017 0.000056 64317.9
471041 0.000056 64451.1
472065 0.000056 64391.3
473089 0.000056 64538.7
474113 0.000056 64530.4
475137 0.000056 64827.2
476161 0.000056 64740.0
477185 0.000056 64725.0
478209 0.000056 64760.7
479233 0.000056 64806.4
480257 0.000057 64746.8
481281 0.000057 64752.2
482305 0.000057 64777.5
483329 0.000057 64861.4
484353 0.000057 64793.4
485377 0.000057 64734.2
486401 0.000057 64891.3
487425 0.000057 64874.0
488449 0.000057 64892.4
489473 0.000058 64820.1
490497 0.000058 64881.6
491521 0.000058 64850.3
492545 0.000058 64879.2
493569 0.000058 64872.9
494593 0.000058 64800.4
495617 0.000058 64801.4
496641 0.000059 64731.6
497665 0.000059 64752.2
498689 0.000059 64821.4
499713 0.000059 64762.7
500737 0.000059 64855.7
501761 0.000059 64813.4
502785 0.000059 64828.4
503809 0.000059 64889.3
504833 0.000059 64882.6
505857 0.000060 64855.3
506881 0.000060 64828.6
507905 0.000060 65056.9
508929 0.000060 65016.8
509953 0.000060 65038.0
510977 0.000060 65074.2
512001 0.000060 65156.1
513025 0.000060 65096.2
514049 0.000060 65060.5
515073 0.000060 65059.9
516097 0.000060 65140.1
517121 0.000061 65101.2
518145 0.000061 65101.3
519169 0.000061 65162.9
520193 0.000061 65176.9
521217 0.000061 65185.2
522241 0.000061 65169.4
523265 0.000061 65222.9
524289 0.000061 65130.8
525313 0.000062 65125.3
526337 0.000062 65124.6
527361 0.000062 65180.0
528385 0.000062 65198.5
529409 0.000062 65134.7
530433 0.000062 65158.5
531457 0.000062 65141.5
532481 0.000062 65147.5
533505 0.000063 65104.8
534529 0.000063 65144.0
535553 0.000063 65165.1
536577 0.000063 65239.3
537601 0.000063 65037.4
538625 0.000076 54352.2
539649 0.000063 64938.0
540673 0.000063 65186.7
541697 0.000063 65183.2
542721 0.000064 65185.4
543745 0.000064 65240.0
544769 0.000064 65224.2
545793 0.000064 65171.5
546817 0.000064 65248.5
547841 0.000064 65206.6
548865 0.000064 65248.1
549889 0.000064 65282.3
550913 0.000064 65269.2
551937 0.000064 65335.6
552961 0.000064 65408.7
553985 0.000065 65387.9
555009 0.000065 65320.4
556033 0.000065 65392.1
557057 0.000065 65322.4
558081 0.000065 65360.8
559105 0.000065 65338.4
560129 0.000065 65329.5
561153 0.000065 65382.0
562177 0.000066 65363.0
563201 0.000066 65283.1
564225 0.000066 65280.2
565249 0.000066 65389.2
566273 0.000066 65348.5
567297 0.000066 65412.4
568321 0.000066 65408.4
569345 0.000066 65423.6
570369 0.000066 65465.6
571393 0.000067 65396.6
572417 0.000067 65389.2
573441 0.000067 65488.9
574465 0.000067 65513.7
575489 0.000067 65464.6
576513 0.000067 65438.0
577537 0.000067 65586.6
578561 0.000067 65519.4
579585 0.000068 65490.3
580609 0.000068 65578.2
581633 0.000068 65596.4
582657 0.000068 65549.9
583681 0.000068 65607.7
584705 0.000068 65597.5
585729 0.000068 65643.1
586753 0.000068 65616.0
587777 0.000068 65630.1
588801 0.000068 65624.9
589825 0.000069 65681.8
590849 0.000069 65617.1
591873 0.000069 65638.1
592897 0.000069 65675.9
593921 0.000069 65635.9
594945 0.000069 65613.1
595969 0.000069 65652.8
596993 0.000069 65697.7
598017 0.000069 65664.1
599041 0.000070 65621.8
