1 0.000001 13.2
1025 0.000001 10729.5
2049 0.000001 15926.2
3073 0.000001 20080.9
4097 0.000001 22880.3
5121 0.000002 26003.2
6145 0.000002 27991.5
7169 0.000002 28701.1
8193 0.000002 31530.5
9217 0.000002 32793.4
10241 0.000002 32411.4
11265 0.000003 34010.8
12289 0.000003 32374.1
13313 0.000003 35237.1
14337 0.000003 35441.0
15361 0.000003 34507.0
16385 0.000004 35446.2
17409 0.000004 36708.5
18433 0.000004 35727.2
19457 0.000004 36685.4
20481 0.000004 36133.6
21505 0.000004 36920.4
22529 0.000005 37165.1
23553 0.000005 38354.1
24577 0.000005 37809.0
25601 0.000005 38732.5
26625 0.000005 38597.4
27649 0.000006 38286.7
28673 0.000006 38108.4
29697 0.000006 39723.4
30721 0.000006 38541.3
31745 0.000006 38324.9
32769 0.000006 39306.1
33793 0.000006 39686.4
34817 0.000007 39592.9
35841 0.000007 40127.1
36865 0.000007 40038.0
37889 0.000007 39483.1
38913 0.000007 40409.4
39937 0.000008 39902.1
40961 0.000008 40376.8
41985 0.000008 40148.2
43009 0.000008 39541.7
44033 0.000008 40707.7
45057 0.000009 39167.2
46081 0.000009 40699.7
47105 0.000009 40431.3
48129 0.000009 41162.3
49153 0.000009 40446.8
50177 0.000009 40927.4
51201 0.000010 40573.3
52225 0.000010 41357.1
53249 0.000010 41562.2
54273 0.000010 41798.7
55297 0.000010 42142.1
56321 0.000010 42405.4
57345 0.000010 42285.9
58369 0.000011 41260.2
59393 0.000011 41893.4
60417 0.000011 42387.7
61441 0.000011 42534.4
62465 0.000011 41999.5
63489 0.000011 42512.9
64513 0.000012 42370.5
65537 0.000010 48231.1
66561 0.000010 50622.7
67585 0.000010 51418.7
68609 0.000010 51492.6
69633 0.000010 51534.7
70657 0.000010 51920.3
71681 0.000010 52321.9
72705 0.000011 51932.1
73729 0.000011 52236.8
74753 0.000011 51713.2
75777 0.000011 52070.3
76801 0.000011 52217.8
77825 0.000011 52338.0
78849 0.000011 52316.4
79873 0.000012 52724.7
80897 0.000012 52933.3
81921 0.000012 52904.5
82945 0.000012 53603.7
83969 0.000012 53383.6
84993 0.000012 53576.9
86017 0.000012 53731.2
87041 0.000012 54014.5
88065 0.000012 54175.1
89089 0.000013 54206.9
90113 0.000013 54297.2
91137 0.000013 54362.5
92161 0.000013 55004.0
93185 0.000013 54918.7
94209 0.000013 55259.6
95233 0.000013 54967.6
96257 0.000013 55615.8
97281 0.000013 55460.4
98305 0.000014 55454.4
99329 0.000014 55791.1
100353 0.000014 56098.4
101377 0.000014 56262.9
102401 0.000014 56266.2
103425 0.000014 56415.2
104449 0.000014 56652.2
105473 0.000014 56611.8
106497 0.000014 56670.9
107521 0.000014 56967.6
108545 0.000014 57138.3
109569 0.000015 57351.0
110593 0.000015 57185.4
111617 0.000015 57360.8
112641 0.000015 57619.6
113665 0.000015 57740.1
114689 0.000015 57308.7
115713 0.000015 57570.4
116737 0.000015 57688.0
117761 0.000016 57887.4
118785 0.000016 57693.3
119809 0.000016 57833.3
120833 0.000016 57881.5
121857 0.000016 57806.1
122881 0.000016 57827.2
123905 0.000016 58215.8
124929 0.000016 58023.0
125953 0.000016 58419.8
126977 0.000017 58188.8
128001 0.000017 58187.2
129025 0.000017 58341.9
130049 0.000017 58565.0
131073 0.000017 57583.7
132097 0.000018 57496.0
133121 0.000021 48497.5
134145 0.000018 57898.3
135169 0.000018 57899.8
136193 0.000018 57361.0
137217 0.000018 57645.1
138241 0.000018 58109.6
139265 0.000018 58140.6
140289 0.000019 57315.6
141313 0.000019 57536.4
142337 0.000019 58141.2
143361 0.000019 57946.3
144385 0.000019 57866.8
145409 0.000019 57584.2
146433 0.000020 56672.5
147457 0.000019 58572.8
148481 0.000019 58366.6
149505 0.000020 58421.1
150529 0.000020 58587.3
151553 0.000020 58615.1
152577 0.000020 58367.8
153601 0.000020 58463.9
154625 0.000020 58958.8
155649 0.000021 57725.9
156673 0.000020 58539.9
157697 0.000020 58849.7
158721 0.000020 59210.4
159745 0.000021 59174.4
160769 0.000021 58125.3
161793 0.000021 59128.8
162817 0.000021 59088.0
163841 0.000021 59012.6
164865 0.000021 58823.2
165889 0.000021 59249.4
166913 0.000022 58983.8
167937 0.000022 59065.2
168961 0.000022 59130.9
169985 0.000022 59172.8
171009 0.000023 57502.6
172033 0.000022 59102.6
173057 0.000022 59041.8
174081 0.000023 57969.6
175105 0.000023 58789.7
176129 0.000023 58453.3
177153 0.000023 58389.9
178177 0.000023 58801.3
179201 0.000023 58838.2
180225 0.000023 59369.4
181249 0.000024 58829.8
182273 0.000023 59605.9
183297 0.000024 59317.6
184321 0.000024 59534.6
185345 0.000024 59315.7
186369 0.000024 59809.1
187393 0.000024 59674.0
188417 0.000024 59671.1
189441 0.000024 59807.7
190465 0.000024 59905.2
191489 0.000024 59978.0
192513 0.000025 59789.5
193537 0.000025 59571.6
194561 0.000025 59963.5
195585 0.000025 59076.3
196609 0.000025 59961.8
197633 0.000025 59806.1
198657 0.000025 59993.4
199681 0.000025 59813.8
200705 0.000026 60033.5
201729 0.000026 59896.9
202753 0.000026 60105.0
203777 0.000026 60161.1
204801 0.000026 59515.2
205825 0.000026 59906.9
206849 0.000026 60242.7
207873 0.000026 60477.1
208897 0.000026 60328.5
209921 0.000027 60006.4
210945 0.000027 60209.8
211969 0.000027 60269.8
212993 0.000027 60730.4
214017 0.000027 60872.2
215041 0.000027 61074.9
216065 0.000027 61104.4
217089 0.000027 60848.7
218113 0.000027 60926.5
219137 0.000027 61120.2
220161 0.000027 61213.8
221185 0.000028 60823.1
222209 0.000028 60761.1
223233 0.000028 61109.5
224257 0.000028 60196.7
225281 0.000028 61169.9
226305 0.000028 61082.0
227329 0.000028 61286.0
228353 0.000028 61165.8
229377 0.000029 60754.1
230401 0.000029 61064.2
231425 0.000029 61097.3
232449 0.000029 61104.0
233473 0.000029 61101.6
234497 0.000029 60911.3
235521 0.000030 60738.5
236545 0.000030 61023.2
237569 0.000030 61089.9
238593 0.000030 60352.7
239617 0.000031 59810.8
240641 0.000031 60098.3
241665 0.000031 60004.7
242689 0.000031 59788.0
243713 0.000031 59749.6
244737 0.000031 60237.9
245761 0.000031 60600.8
246785 0.000031 60537.1
247809 0.000031 60443.5
248833 0.000031 60428.0
249857 0.000031 60679.4
250881 0.000032 60603.4
251905 0.000032 60666.2
252929 0.000032 60534.2
253953 0.000032 60707.1
254977 0.000032 60572.2
256001 0.000032 60527.0
257025 0.000032 60870.3
258049 0.000033 60393.7
259073 0.000033 60765.8
260097 0.000033 60784.1
261121 0.000033 60643.8
262145 0.000033 60629.5
263169 0.000033 60775.0
264193 0.000033 60641.7
265217 0.000033 60778.2
266241 0.000033 60901.2
267265 0.000034 60547.2
268289 0.000040 51189.8
269313 0.000034 61193.6
270337 0.000034 60346.4
271361 0.000034 60856.9
272385 0.000034 60671.6
273409 0.000034 60802.7
274433 0.000034 60737.5
275457 0.000035 60453.2
276481 0.000035 60555.4
277505 0.000035 60247.8
278529 0.000035 60512.4
279553 0.000035 60779.0
280577 0.000035 61022.4
281601 0.000035 60957.1
282625 0.000035 61087.5
283649 0.000035 61039.2
284673 0.000036 61148.5
285697 0.000036 60967.0
286721 0.000036 61204.3
287745 0.000036 61092.0
288769 0.000036 61033.6
289793 0.000036 61078.6
290817 0.000036 61413.3
291841 0.000036 61278.1
292865 0.000036 61597.4
293889 0.000037 61338.3
294913 0.000037 61485.0
295937 0.000037 61049.0
296961 0.000037 61415.5
297985 0.000037 61510.4
299009 0.000037 61299.0
300033 0.000037 61396.9
301057 0.000037 61570.2
302081 0.000038 61266.7
303105 0.000038 61370.5
304129 0.000038 61220.3
305153 0.000038 61377.4
306177 0.000038 61258.4
307201 0.000038 60982.1
308225 0.000039 61056.2
309249 0.000039 60980.8
310273 0.000039 60896.8
311297 0.000039 61450.2
312321 0.000039 61615.4
313345 0.000039 61846.1
314369 0.000039 61940.4
315393 0.000039 61891.8
316417 0.000039 62144.6
317441 0.000039 61718.8
318465 0.000040 61495.7
319489 0.000039 61891.7
320513 0.000040 61670.1
321537 0.000040 61147.2
322561 0.000040 61462.5
323585 0.000040 61991.3
324609 0.000040 61895.9
325633 0.000040 62167.8
326657 0.000040 62116.9
327681 0.000040 61913.5
328705 0.000040 62005.6
329729 0.000041 61333.9
330753 0.000041 61110.9
331777 0.000042 60938.4
332801 0.000042 60969.3
333825 0.000041 61927.7
334849 0.000041 61860.9
335873 0.000041 61750.2
336897 0.000043 60354.9
337921 0.000042 60861.6
338945 0.000042 61072.2
339969 0.000042 61292.9
340993 0.000042 61422.5
342017 0.000043 61196.0
343041 0.000043 61114.8
344065 0.000044 59599.3
345089 0.000044 60504.1
346113 0.000044 59806.8
347137 0.000042 62435.4
348161 0.000043 61467.1
349185 0.000044 60505.2
350209 0.000043 62157.2
351233 0.000043 62007.7
352257 0.000043 62066.2
353281 0.000043 62062.8
354305 0.000044 62090.4
355329 0.000044 62319.3
356353 0.000044 62301.9
357377 0.000044 62461.1
358401 0.000044 62223.4
359425 0.000044 62369.0
360449 0.000044 62434.3
361473 0.000044 62243.4
362497 0.000044 62507.6
363521 0.000044 62461.7
364545 0.000045 62361.4
365569 0.000045 62253.3
366593 0.000045 62223.4
367617 0.000045 62220.0
368641 0.000045 62183.5
369665 0.000045 62163.8
370689 0.000045 62167.8
371713 0.000045 62343.1
372737 0.000046 62193.4
373761 0.000046 62287.3
374785 0.000046 62239.5
375809 0.000046 62297.7
376833 0.000046 62440.0
377857 0.000046 62423.5
378881 0.000046 62558.1
379905 0.000046 62505.3
380929 0.000046 62564.0
381953 0.000047 62562.7
382977 0.000047 62628.8
384001 0.000047 62612.9
385025 0.000047 62661.4
386049 0.000047 62661.4
387073 0.000047 62703.2
388097 0.000047 62794.1
389121 0.000047 62698.9
390145 0.000047 62707.3
391169 0.000048 62758.7
392193 0.000048 62728.0
393217 0.000048 62699.3
394241 0.000048 62623.3
395265 0.000048 62907.4
396289 0.000048 62813.6
397313 0.000048 62736.0
398337 0.000048 62701.5
399361 0.000049 62765.5
400385 0.000049 62801.5
401409 0.000049 62819.8
402433 0.000049 62713.6
403457 0.000049 62796.1
404481 0.000049 62840.8
405505 0.000049 62854.4
406529 0.000049 62828.1
407553 0.000049 62909.5
408577 0.000050 62910.3
409601 0.000050 62975.3
410625 0.000050 63031.6
411649 0.000050 63085.6
412673 0.000050 63040.8
413697 0.000050 63081.3
414721 0.000050 62956.3
415745 0.000050 63092.6
416769 0.000050 63125.3
417793 0.000050 63162.3
418817 0.000051 63118.5
419841 0.000051 63205.0
420865 0.000051 63230.9
421889 0.000051 63248.8
422913 0.000051 63190.3
423937 0.000051 63256.2
424961 0.000051 63272.1
425985 0.000051 63162.1
427009 0.000052 63188.9
428033 0.000052 63264.1
429057 0.000052 63226.2
430081 0.000052 63249.5
431105 0.000052 63267.8
432129 0.000052 63246.4
433153 0.000052 63267.5
434177 0.000052 63287.4
435201 0.000053 63243.9
436225 0.000053 63345.5
437249 0.000053 63370.0
438273 0.000053 63372.0
439297 0.000053 63316.4
440321 0.000053 63422.3
441345 0.000053 63477.8
442369 0.000053 63443.1
443393 0.000053 63502.0
444417 0.000053 63594.6
445441 0.000053 63546.2
446465 0.000054 63506.3
447489 0.000054 63550.8
448513 0.000054 63552.7
449537 0.000054 63648.4
450561 0.000054 63630.1
451585 0.000054 63514.3
452609 0.000054 63613.1
453633 0.000054 63573.0
454657 0.000054 63647.9
455681 0.000055 63677.9
456705 0.000055 63698.0
457729 0.000055 63791.6
458753 0.000055 63643.6
459777 0.000055 63656.2
460801 0.000055 63712.3
461825 0.000055 63766.8
462849 0.000055 63739.0
463873 0.000056 63740.7
464897 0.000056 63759.3
465921 0.000056 63806.8
466945 0.000056 63602.7
467969 0.000056 63710.4
468993 0.000056 63805.0
470017 0.000056 63840.1
471041 0.000056 63836.4
472065 0.000056 63750.8
473089 0.000056 63883.7
474113 0.000057 63817.3
475137 0.000057 63983.7
476161 0.000057 63940.2
477185 0.000057 63941.4
478209 0.000057 64041.4
479233 0.000057 64011.9
480257 0.000057 63994.8
481281 0.000057 64008.1
482305 0.000057 64115.5
483329 0.000058 64108.9
484353 0.000058 64077.1
485377 0.000058 64144.4
486401 0.000058 64156.0
487425 0.000058 64136.2
488449 0.000058 64021.1
489473 0.000058 64232.1
490497 0.000058 64185.7
491521 0.000059 64087.2
492545 0.000059 63972.9
493569 0.000059 63980.7
494593 0.000059 64175.6
495617 0.000059 64135.5
496641 0.000059 64144.8
497665 0.000059 64199.0
498689 0.000059 64067.7
499713 0.000059 64223.8
500737 0.000060 64129.2
501761 0.000060 64117.2
502785 0.000060 64086.8
503809 0.000060 64143.5
504833 0.000060 64097.6
505857 0.000060 64020.1
506881 0.000060 64051.7
507905 0.000060 64305.0
508929 0.000060 64342.7
509953 0.000060 64309.1
510977 0.000061 64378.9
512001 0.000061 64454.3
513025 0.000061 64328.1
514049 0.000061 64366.8
515073 0.000061 64364.8
516097 0.000061 64490.0
517121 0.000061 64364.1
518145 0.000061 64360.3
519169 0.000061 64457.8
520193 0.000062 64466.6
521217 0.000062 64474.9
522241 0.000062 64336.7
523265 0.000062 64443.2
524289 0.000062 64397.3
525313 0.000062 64372.2
526337 0.000062 64340.0
527361 0.000063 64372.7
528385 0.000063 64455.1
529409 0.000063 64440.8
530433 0.000063 64339.3
531457 0.000063 64309.4
532481 0.000063 64374.7
533505 0.000063 64283.0
534529 0.000063 64298.2
535553 0.000064 64270.1
536577 0.000064 64337.8
537601 0.000064 64207.5
538625 0.000076 53766.4
539649 0.000064 64254.4
540673 0.000064 64518.7
541697 0.000064 64593.2
542721 0.000064 64470.5
543745 0.000064 64453.4
544769 0.000064 64619.5
545793 0.000064 64630.6
546817 0.000065 64526.9
547841 0.000065 64654.4
548865 0.000065 64605.8
549889 0.000065 64624.2
550913 0.000065 64551.1
551937 0.000065 64530.9
552961 0.000065 64546.6
553985 0.000066 64517.2
555009 0.000066 64460.7
556033 0.000066 64503.4
557057 0.000066 64568.8
558081 0.000066 64606.0
559105 0.000066 64482.7
560129 0.000066 64478.5
561153 0.000066 64502.4
562177 0.000066 64528.8
563201 0.000067 64419.9
564225 0.000067 64419.1
565249 0.000067 64521.1
566273 0.000067 64444.6
567297 0.000067 64396.1
568321 0.000067 64395.1
569345 0.000067 64474.4
570369 0.000067 64534.2
571393 0.000068 64378.9
572417 0.000068 64415.8
573441 0.000068 64696.9
574465 0.000068 64793.7
575489 0.000068 64682.6
576513 0.000068 64755.8
577537 0.000068 64850.1
578561 0.000068 64836.6
579585 0.000068 64655.4
580609 0.000069 64663.7
581633 0.000068 64800.3
582657 0.000069 64772.5
583681 0.000069 64677.8
584705 0.000069 64634.8
585729 0.000069 64775.1
586753 0.000069 64717.3
587777 0.000069 64716.7
588801 0.000069 64708.5
589825 0.000069 64800.1
590849 0.000070 64775.0
591873 0.000070 64725.1
592897 0.000070 64737.8
593921 0.000070 64781.7
594945 0.000070 64746.0
595969 0.000070 64713.3
596993 0.000070 64736.0
598017 0.000070 64788.8
599041 0.000071 64635.0
