1 0.000068 0.1
1025 0.000071 110.8
2049 0.000085 183.3
3073 0.000084 278.2
4097 0.000086 363.7
5121 0.000086 454.5
6145 0.000086 545.9
7169 0.000088 622.2
8193 0.000088 712.5
9217 0.000088 803.6
10241 0.000089 881.5
11265 0.000089 970.9
12289 0.000097 970.0
13313 0.000112 907.7
14337 0.000113 971.6
15361 0.000113 1039.4
16385 0.000113 1108.5
17409 0.000115 1159.4
18433 0.000115 1226.3
19457 0.000114 1300.6
20481 0.000114 1367.6
21505 0.000114 1435.9
22529 0.000115 1496.0
23553 0.000116 1553.9
24577 0.000116 1622.3
25601 0.000116 1688.7
26625 0.000117 1735.0
27649 0.000119 1772.0
28673 0.001206 181.3
29697 0.005078 44.6
30721 0.004604 50.9
31745 0.002124 114.0
32769 0.000120 2083.0
33793 0.000119 2163.1
34817 0.000123 2164.3
35841 0.000124 2211.3
36865 0.000124 2270.4
37889 0.000124 2340.6
38913 0.000123 2407.0
39937 0.000124 2457.7
40961 0.000124 2520.5
41985 0.000124 2579.5
43009 0.000123 2669.8
44033 0.000125 2685.3
45057 0.000126 2732.4
46081 0.000126 2801.2
47105 0.000127 2839.4
48129 0.000126 2916.6
49153 0.000126 2987.1
50177 0.000127 3012.7
51201 0.000127 3073.5
52225 0.000127 3126.4
53249 0.000127 3187.2
54273 0.000155 2675.6
55297 0.000129 3281.4
56321 0.000129 3330.0
57345 0.000130 3368.4
58369 0.000130 3415.9
59393 0.000131 3458.1
60417 0.000131 3524.8
61441 0.000131 3565.5
62465 0.000133 3572.9
63489 0.000132 3680.7
64513 0.000132 3738.7
65537 0.000131 3807.2
66561 0.000132 3839.7
67585 0.000132 3914.7
68609 0.000132 3961.2
69633 0.000135 3945.0
70657 0.000133 4041.4
71681 0.000133 4113.1
72705 0.000133 4170.2
73729 0.000133 4227.4
74753 0.000134 4263.1
75777 0.000134 4325.7
76801 0.000134 4384.5
77825 0.000134 4417.4
78849 0.000135 4461.7
79873 0.000135 4527.4
80897 0.000134 4603.9
81921 0.000138 4513.7
82945 0.000141 4480.3
83969 0.000135 4744.7
84993 0.000136 4760.2
86017 0.000147 4476.3
87041 0.000976 680.7
88065 0.006640 101.2
89089 0.005268 129.0
90113 0.000131 5241.8
91137 0.000127 5490.4
92161 0.000128 5500.5
93185 0.000128 5545.3
94209 0.000126 5683.9
95233 0.000127 5739.5
96257 0.000127 5791.1
97281 0.000152 4879.6
98305 0.000128 5878.5
99329 0.000128 5919.6
100353 0.000128 5970.5
101377 0.000128 6029.3
102401 0.000128 6109.3
103425 0.000128 6144.1
104449 0.000128 6216.0
105473 0.000128 6292.4
106497 0.000126 6429.0
107521 0.000129 6359.2
108545 0.000129 6433.4
109569 0.000131 6369.4
110593 0.000132 6370.1
111617 0.000135 6300.6
112641 0.000139 6189.9
113665 0.000138 6264.7
114689 0.000139 6276.7
115713 0.000140 6310.0
116737 0.000142 6265.7
117761 0.000141 6372.8
118785 0.000142 6393.1
119809 0.000144 6363.7
120833 0.000141 6527.9
121857 0.000142 6545.4
122881 0.000142 6589.5
123905 0.000138 6831.4
124929 0.000220 4334.1
125953 0.000144 6684.1
126977 0.000138 7021.1
128001 0.000141 6916.6
129025 0.000141 6999.7
130049 0.000141 7048.8
131073 0.000208 4802.6
132097 0.000210 4803.9
133121 0.000208 4891.9
134145 0.000210 4867.2
135169 0.000212 4869.3
136193 0.000214 4848.9
137217 0.000215 4873.2
138241 0.003188 330.8
139265 0.009775 108.7
140289 0.000223 4795.1
141313 0.000222 4860.4
142337 0.000219 4951.3
143361 0.000221 4957.5
144385 0.000221 4981.3
145409 0.000222 4996.3
146433 0.000219 5094.9
147457 0.000225 5003.2
148481 0.000224 5061.7
149505 0.000224 5093.4
150529 0.000224 5138.4
151553 0.000224 5167.7
152577 0.000224 5204.2
153601 0.000230 5091.8
154625 0.000229 5151.1
155649 0.000227 5225.6
156673 0.000228 5240.5
157697 0.000229 5244.7
158721 0.000234 5172.2
159745 0.000239 5097.1
160769 0.000237 5179.2
161793 0.000247 5000.9
162817 0.000247 5019.9
163841 0.000260 4809.1
164865 0.000261 4813.6
165889 0.000259 4892.7
166913 0.000263 4846.1
167937 0.000263 4866.4
168961 0.000261 4945.5
169985 0.001488 871.7
171009 0.011590 112.6
172033 0.000260 5055.7
173057 0.000258 5125.4
174081 0.000256 5188.1
175105 0.000256 5225.2
176129 0.000260 5161.4
177153 0.000256 5281.0
178177 0.000259 5243.2
179201 0.000262 5227.8
180225 0.000255 5398.0
181249 0.000264 5245.7
182273 0.000259 5366.7
183297 0.000258 5429.6
184321 0.000256 5489.5
185345 0.000260 5448.6
186369 0.000258 5505.0
187393 0.000262 5451.2
188417 0.000259 5560.4
189441 0.000262 5523.0
190465 0.000263 5525.4
191489 0.000269 5432.5
192513 0.000271 5410.3
193537 0.000283 5209.7
194561 0.000285 5213.9
195585 0.000286 5219.6
196609 0.000297 5051.2
197633 0.000285 5298.3
198657 0.002787 543.8
199681 0.010242 148.7
200705 0.000287 5337.7
201729 0.000288 5340.2
202753 0.000286 5403.0
203777 0.000284 5464.8
204801 0.000286 5471.4
205825 0.000286 5491.7
206849 0.000287 5502.1
207873 0.000286 5550.7
208897 0.000289 5523.0
209921 0.000287 5574.2
210945 0.000289 5564.7
211969 0.000290 5569.2
212993 0.000288 5646.2
214017 0.000288 5661.0
215041 0.000288 5687.3
216065 0.000292 5649.6
217089 0.000290 5713.4
218113 0.000290 5738.7
219137 0.000294 5681.6
220161 0.000291 5766.6
221185 0.000293 5765.8
222209 0.000293 5788.2
223233 0.000292 5842.4
224257 0.000293 5843.9
225281 0.007500 229.2
226305 0.005366 321.8
227329 0.000299 5794.5
228353 0.000298 5846.1
229377 0.000297 5893.6
230401 0.000298 5891.4
231425 0.000298 5925.2
232449 0.000300 5911.7
233473 0.000299 5962.4
234497 0.000298 5998.2
235521 0.000303 5925.7
236545 0.000303 5957.6
237569 0.000303 5988.1
238593 0.000305 5968.7
239617 0.000301 6067.3
240641 0.000303 6062.9
241665 0.000304 6057.0
242689 0.000303 6112.6
243713 0.000304 6116.7
244737 0.000317 5884.4
245761 0.000302 6218.0
246785 0.000301 6255.3
247809 0.000310 6092.4
248833 0.000300 6326.2
249857 0.002065 923.0
250881 0.010999 174.0
251905 0.000309 6227.3
252929 0.000308 6258.6
253953 0.000303 6390.2
254977 0.000303 6426.7
256001 0.000302 6477.7
257025 0.000308 6358.2
258049 0.000310 6345.8
259073 0.000353 5599.9
260097 0.000354 5602.9
261121 0.000356 5591.9
262145 0.000358 5580.7
263169 0.000357 5623.5
264193 0.000357 5653.9
265217 0.000359 5642.9
266241 0.000358 5672.2
267265 0.000360 5669.7
268289 0.000358 5718.2
269313 0.000360 5712.6
270337 0.000362 5699.1
271361 0.000359 5771.0
272385 0.008891 233.7
273409 0.004199 496.7
274433 0.000369 5680.8
275457 0.000363 5791.0
276481 0.000363 5809.4
277505 0.000363 5833.2
278529 0.000363 5852.4
279553 0.000368 5791.7
280577 0.000368 5813.3
281601 0.000371 5792.7
282625 0.000367 5880.4
283649 0.000366 5913.4
284673 0.000371 5861.6
285697 0.000370 5891.8
286721 0.000366 5969.4
287745 0.000368 5961.5
288769 0.000368 5986.8
289793 0.000369 5987.5
290817 0.000370 5996.9
291841 0.000371 6001.3
292865 0.009507 235.0
293889 0.003277 684.2
294913 0.000375 5995.5
295937 0.000375 6022.7
296961 0.000375 6045.5
297985 0.000375 6056.0
299009 0.000375 6077.5
300033 0.000375 6097.8
301057 0.000376 6108.8
302081 0.000380 6072.8
303105 0.000377 6133.9
304129 0.000378 6138.9
305153 0.000384 6070.1
306177 0.000379 6166.1
307201 0.000379 6181.4
308225 0.000380 6184.3
309249 0.000378 6233.9
310273 0.000380 6229.9
311297 0.000380 6243.8
312321 0.001043 2284.1
313345 0.012162 196.6
314369 0.000390 6146.8
315393 0.000386 6230.4
316417 0.000387 6241.2
317441 0.000384 6303.7
318465 0.000382 6355.2
319489 0.000382 6384.0
320513 0.000386 6334.5
321537 0.000396 6196.3
322561 0.000397 6191.2
323585 0.000398 6210.5
324609 0.000396 6249.8
325633 0.000397 6254.1
326657 0.000402 6206.7
327681 0.000397 6300.0
328705 0.000395 6352.6
329729 0.000394 6382.4
330753 0.000396 6364.8
331777 0.001173 2157.4
332801 0.012048 210.7
333825 0.000407 6261.0
334849 0.000408 6260.1
335873 0.000398 6437.4
336897 0.000398 6456.6
337921 0.000397 6489.1
338945 0.000401 6445.3
339969 0.000398 6511.6
340993 0.000402 6465.8
342017 0.000400 6517.0
343041 0.000400 6544.0
344065 0.000403 6515.7
345089 0.000400 6587.6
346113 0.000401 6583.5
347137 0.000401 6608.7
348161 0.000401 6627.5
349185 0.000402 6623.0
350209 0.000403 6636.6
351233 0.012933 207.2
352257 0.000408 6588.0
353281 0.000406 6638.5
354305 0.000403 6701.8
355329 0.000406 6683.2
356353 0.000404 6735.4
357377 0.000403 6773.3
358401 0.000406 6741.8
359425 0.000410 6690.3
360449 0.000411 6698.5
361473 0.000406 6798.0
362497 0.000411 6731.9
363521 0.000410 6762.7
364545 0.000409 6794.7
365569 0.000410 6795.1
366593 0.000409 6844.9
367617 0.000408 6872.1
368641 0.000410 6852.4
369665 0.004550 619.8
370689 0.008319 340.0
371713 0.000413 6862.5
372737 0.000410 6941.1
373761 0.000410 6959.0
374785 0.000416 6871.1
375809 0.000410 6995.1
376833 0.000409 7024.7
377857 0.000411 7006.8
378881 0.000413 6999.7
379905 0.000414 7007.6
380929 0.000414 7014.0
381953 0.000415 7023.6
382977 0.000412 7092.2
384001 0.000414 7069.8
385025 0.000419 7009.6
386049 0.000463 6363.0
387073 0.000463 6379.7
388097 0.013076 226.4
389121 0.000472 6285.1
390145 0.000469 6344.6
391169 0.000467 6386.3
392193 0.000466 6421.9
393217 0.000469 6391.9
394241 0.000470 6400.4
395265 0.000473 6377.9
396289 0.000470 6436.0
397313 0.000468 6472.5
398337 0.000468 6494.6
399361 0.000469 6492.0
400385 0.000469 6509.4
401409 0.000469 6529.2
402433 0.000471 6518.6
403457 0.000472 6527.8
404481 0.013063 236.2
405505 0.000480 6447.1
406529 0.000475 6535.7
407553 0.000478 6501.6
408577 0.000476 6542.8
409601 0.000479 6529.6
410625 0.000479 6542.4
411649 0.000486 6467.1
412673 0.000476 6608.6
413697 0.000475 6638.4
414721 0.000479 6610.1
415745 0.000484 6557.3
416769 0.000479 6632.5
417793 0.000480 6642.8
418817 0.000481 6645.2
419841 0.013088 244.7
420865 0.000488 6585.0
421889 0.000482 6673.5
422913 0.000480 6717.1
423937 0.000481 6717.8
424961 0.000483 6711.1
425985 0.000489 6639.8
427009 0.000484 6729.3
428033 0.000489 6672.0
429057 0.000487 6718.0
430081 0.000488 6720.7
431105 0.000483 6809.5
432129 0.000484 6816.6
433153 0.000484 6830.7
434177 0.000486 6821.5
435201 0.009521 348.7
436225 0.003537 941.0
437249 0.000493 6767.5
438273 0.000487 6861.3
439297 0.000485 6908.6
440321 0.000489 6867.9
441345 0.000491 6860.1
442369 0.000498 6773.0
443393 0.000492 6869.5
444417 0.000532 6372.3
445441 0.000490 6928.6
446465 0.000495 6877.1
447489 0.000494 6915.4
448513 0.000504 6786.9
449537 0.000506 6776.2
450561 0.013203 260.4
451585 0.000770 4472.8
452609 0.000651 5304.0
453633 0.000597 5794.1
454657 0.000798 4344.3
455681 0.000715 4863.3
456705 0.000920 3789.0
457729 0.000952 3668.4
458753 0.000970 3608.3
459777 0.000616 5697.6
460801 0.012933 271.8
461825 0.000512 6880.2
462849 0.000509 6932.8
463873 0.000506 6995.9
464897 0.000506 7004.0
465921 0.000507 7004.6
466945 0.000517 6890.5
467969 0.000522 6844.0
468993 0.000517 6925.6
470017 0.000520 6890.7
471041 0.000519 6925.1
472065 0.000514 7008.0
473089 0.000530 6816.3
474113 0.000512 7063.4
475137 0.000924 3923.8
476161 0.012614 288.0
477185 0.000518 7021.7
478209 0.000513 7110.8
479233 0.000513 7129.1
480257 0.000518 7079.7
481281 0.000512 7171.3
482305 0.000514 7165.1
483329 0.000514 7178.9
484353 0.000516 7155.1
485377 0.000516 7180.0
486401 0.000513 7231.7
487425 0.000513 7254.1
488449 0.000516 7217.3
489473 0.000515 7253.6
490497 0.013068 286.4
491521 0.000523 7163.5
492545 0.000519 7235.6
493569 0.000516 7294.2
494593 0.000516 7310.4
495617 0.000516 7329.2
496641 0.000519 7302.2
497665 0.000522 7274.0
498689 0.000520 7315.9
499713 0.000518 7365.4
500737 0.000539 7084.1
501761 0.000519 7382.0
502785 0.000524 7317.0
503809 0.000528 7278.0
504833 0.009087 423.8
505857 0.004215 915.7
506881 0.000522 7403.7
507905 0.000525 7374.5
508929 0.000525 7394.8
509953 0.000524 7428.2
510977 0.000528 7388.6
512001 0.000534 7313.8
513025 0.000528 7417.5
514049 0.000572 6861.9
515073 0.000575 6834.9
516097 0.000578 6817.0
517121 0.000575 6864.3
518145 0.000578 6834.4
519169 0.013059 303.3
520193 0.000586 6767.9
521217 0.000582 6827.7
522241 0.000582 6843.8
523265 0.000585 6823.3
524289 0.000581 6886.4
525313 0.000584 6859.8
526337 0.000583 6882.5
527361 0.000581 6923.6
528385 0.000582 6931.2
529409 0.000585 6908.0
530433 0.000582 6948.4
531457 0.000583 6956.1
532481 0.013082 310.6
533505 0.000591 6888.9
534529 0.000589 6923.0
535553 0.000586 6967.1
536577 0.000588 6967.1
537601 0.000589 6961.5
538625 0.000594 6922.2
539649 0.000592 6953.6
540673 0.000589 7003.7
541697 0.000588 7034.3
542721 0.000589 7031.9
543745 0.000592 7010.5
544769 0.000920 4516.9
545793 0.012671 328.6
546817 0.000593 7032.5
547841 0.000595 7027.1
548865 0.000597 7010.5
549889 0.000595 7051.2
550913 0.000598 7033.2
551937 0.000598 7037.8
552961 0.000596 7077.2
553985 0.000596 7096.4
555009 0.000595 7121.9
556033 0.000594 7147.4
557057 0.000602 7065.4
558081 0.013031 326.7
559105 0.000605 7048.9
560129 0.000599 7138.8
561153 0.000600 7139.6
562177 0.000601 7133.8
563201 0.000604 7114.9
564225 0.000607 7091.3
565249 0.000601 7173.5
566273 0.000600 7198.2
567297 0.000601 7199.1
568321 0.000603 7186.7
569345 0.000604 7193.8
570369 0.000602 7233.2
571393 0.013009 335.1
572417 0.000609 7168.1
573441 0.000604 7245.6
574465 0.000606 7227.1
575489 0.000613 7160.6
576513 0.000623 7060.9
577537 0.000640 6883.4
578561 0.000618 7142.9
579585 0.000616 7177.6
580609 0.000616 7187.4
581633 0.000615 7211.9
582657 0.000616 7219.2
583681 0.012986 342.9
584705 0.000626 7126.7
585729 0.000619 7222.5
586753 0.000618 7249.1
587777 0.000618 7251.9
588801 0.000622 7220.6
589825 0.000628 7169.0
590849 0.000619 7286.0
591873 0.000617 7315.7
592897 0.000618 7316.3
593921 0.000625 7247.2
594945 0.000620 7323.1
595969 0.011013 412.9
596993 0.002587 1760.8
598017 0.000907 5027.8
599041 0.000813 5622.6
