1 0.000067 0.1
1025 0.000069 113.3
2049 0.000085 182.9
3073 0.000086 272.6
4097 0.000087 361.1
5121 0.000086 453.9
6145 0.000087 540.9
7169 0.000087 631.1
8193 0.000086 723.0
9217 0.000088 798.9
10241 0.000089 874.6
11265 0.000088 973.7
12289 0.000095 983.5
13313 0.000113 901.2
14337 0.000116 940.6
15361 0.000115 1017.9
16385 0.000113 1106.0
17409 0.000120 1104.8
18433 0.000116 1214.4
19457 0.000115 1294.4
20481 0.000115 1358.2
21505 0.000116 1414.3
22529 0.000118 1457.3
23553 0.000117 1535.9
24577 0.000117 1598.9
25601 0.000115 1696.6
26625 0.000117 1743.4
27649 0.000117 1804.4
28673 0.000118 1851.9
29697 0.000119 1905.3
30721 0.000119 1976.3
31745 0.000119 2032.0
32769 0.000120 2076.0
33793 0.000121 2130.3
34817 0.000124 2143.2
35841 0.000124 2200.6
36865 0.000124 2263.9
37889 0.000124 2339.4
38913 0.000126 2358.6
39937 0.000125 2445.2
40961 0.000126 2471.3
41985 0.000126 2550.1
43009 0.000127 2593.4
44033 0.000128 2627.8
45057 0.000127 2712.2
46081 0.000126 2784.1
47105 0.000127 2826.5
48129 0.000127 2891.5
49153 0.000127 2964.4
50177 0.000128 3001.0
51201 0.000128 3054.3
52225 0.000129 3082.5
53249 0.000129 3155.8
54273 0.000128 3229.2
55297 0.000131 3210.6
56321 0.000129 3321.9
57345 0.002452 178.5
58369 0.008081 55.1
59393 0.002367 191.4
60417 0.000136 3393.3
61441 0.000134 3488.6
62465 0.000134 3549.9
63489 0.000136 3571.5
64513 0.000135 3653.5
65537 0.000133 3769.9
66561 0.000133 3813.3
67585 0.000140 3676.3
68609 0.000133 3921.9
69633 0.000133 3995.2
70657 0.000134 4017.2
71681 0.000133 4099.5
72705 0.000135 4121.9
73729 0.000134 4192.5
74753 0.000134 4260.6
75777 0.000135 4286.6
76801 0.000138 4234.6
77825 0.000135 4395.9
78849 0.000139 4316.6
79873 0.000142 4291.9
80897 0.000135 4580.2
81921 0.000136 4610.6
82945 0.000135 4671.1
83969 0.000137 4688.1
84993 0.000137 4734.7
86017 0.000150 4389.4
87041 0.000147 4502.4
88065 0.000148 4543.1
89089 0.000149 4574.8
90113 0.000146 4693.8
91137 0.000149 4653.5
92161 0.000149 4726.4
93185 0.000149 4776.7
94209 0.000148 4848.9
95233 0.000148 4908.4
96257 0.000148 4958.5
97281 0.000147 5033.4
98305 0.000149 5036.4
99329 0.000145 5226.8
100353 0.000135 5665.0
101377 0.000129 5976.3
102401 0.000128 6112.7
103425 0.000128 6173.0
104449 0.000127 6253.6
105473 0.000132 6077.6
106497 0.000133 6118.9
107521 0.000132 6213.5
108545 0.000132 6271.2
109569 0.000135 6207.2
110593 0.000133 6344.0
111617 0.000321 2651.7
112641 0.000371 2318.5
113665 0.000605 1433.1
114689 0.000862 1015.1
115713 0.002880 306.5
116737 0.007756 114.8
117761 0.000145 6184.6
118785 0.000145 6246.6
119809 0.000143 6384.1
120833 0.000146 6329.8
121857 0.000144 6447.4
122881 0.000144 6508.0
123905 0.000141 6715.1
124929 0.000138 6931.6
125953 0.000137 7021.0
126977 0.000136 7132.9
128001 0.000141 6939.4
129025 0.000141 6979.5
130049 0.000145 6861.3
131073 0.000214 4667.0
132097 0.000214 4713.9
133121 0.000215 4726.6
134145 0.000211 4851.5
135169 0.000357 2886.3
136193 0.000265 3913.7
137217 0.000353 2965.3
138241 0.000226 4668.5
139265 0.000231 4597.6
140289 0.000237 4517.5
141313 0.000304 3551.8
142337 0.000335 3245.4
143361 0.000419 2609.5
144385 0.000507 2170.9
145409 0.000581 1908.8
146433 0.000451 2475.6
147457 0.012065 93.2
148481 0.001148 986.4
149505 0.000388 2941.5
150529 0.000479 2395.2
151553 0.000343 3373.7
152577 0.000334 3484.7
153601 0.000344 3406.4
154625 0.000398 2960.9
155649 0.000341 3480.3
156673 0.000345 3467.4
157697 0.000360 3340.4
158721 0.000369 3277.8
159745 0.000347 3508.4
160769 0.000463 2649.7
161793 0.000417 2962.5
162817 0.000501 2477.5
163841 0.000544 2299.7
164865 0.000451 2788.3
165889 0.002668 474.4
166913 0.010692 119.1
167937 0.000305 4205.7
168961 0.000302 4268.1
169985 0.000301 4310.8
171009 0.000301 4328.5
172033 0.000300 4371.0
173057 0.000301 4380.5
174081 0.000302 4391.4
175105 0.000301 4440.6
176129 0.000303 4431.2
177153 0.000303 4465.7
178177 0.000303 4483.3
179201 0.000311 4393.0
180225 0.000307 4485.3
181249 0.000305 4527.2
182273 0.000306 4543.5
183297 0.000306 4574.9
184321 0.000311 4523.2
185345 0.000308 4586.7
186369 0.000308 4621.4
187393 0.000309 4624.3
188417 0.000284 5059.2
189441 0.000288 5020.9
190465 0.005530 262.8
191489 0.007599 192.3
192513 0.000287 5125.7
193537 0.000306 4827.1
194561 0.000287 5176.1
195585 0.000287 5200.0
196609 0.000288 5212.8
197633 0.000286 5276.1
198657 0.000289 5241.3
199681 0.000287 5299.6
200705 0.000282 5430.1
201729 0.000285 5396.8
202753 0.000288 5374.4
203777 0.000290 5369.7
204801 0.000288 5422.6
205825 0.000294 5332.3
206849 0.000288 5474.5
207873 0.000288 5504.4
208897 0.000292 5453.7
209921 0.000294 5439.3
210945 0.000292 5502.4
211969 0.000290 5575.5
212993 0.000290 5605.4
214017 0.000292 5592.3
215041 0.000291 5637.9
216065 0.013123 125.6
217089 0.000296 5586.6
218113 0.000296 5628.0
219137 0.000295 5659.3
220161 0.000294 5722.9
221185 0.000298 5666.2
222209 0.000295 5754.9
223233 0.000296 5746.9
224257 0.000296 5773.9
225281 0.000297 5794.6
226305 0.000299 5775.3
227329 0.000298 5815.6
228353 0.000301 5792.0
229377 0.000300 5831.3
230401 0.000299 5877.5
231425 0.000303 5830.8
232449 0.000307 5781.1
233473 0.000314 5664.3
234497 0.000324 5529.7
235521 0.000306 5877.7
236545 0.000303 5956.1
237569 0.000306 5917.5
238593 0.000308 5916.0
239617 0.000307 5961.9
240641 0.013092 140.2
241665 0.000308 5983.0
242689 0.000307 6040.6
243713 0.000306 6070.5
244737 0.000301 6207.1
245761 0.000301 6224.0
246785 0.000300 6269.1
247809 0.000300 6303.7
248833 0.000302 6292.2
249857 0.000301 6342.0
250881 0.000304 6303.9
251905 0.000301 6395.6
252929 0.000296 6527.4
253953 0.000304 6370.4
254977 0.000303 6420.8
256001 0.000307 6371.9
257025 0.000314 6251.7
258049 0.000319 6176.9
259073 0.000357 5539.4
260097 0.000356 5581.1
261121 0.000357 5582.8
262145 0.000367 5448.1
263169 0.002692 745.8
264193 0.010710 188.2
265217 0.000362 5585.8
266241 0.000362 5611.6
267265 0.000361 5642.1
268289 0.000362 5654.5
269313 0.000360 5709.1
270337 0.000361 5706.8
271361 0.000362 5716.4
272385 0.000362 5736.6
273409 0.000363 5748.4
274433 0.000364 5758.9
275457 0.000363 5794.5
276481 0.000368 5731.2
277505 0.000363 5834.3
278529 0.000371 5728.0
279553 0.000374 5709.0
280577 0.000367 5835.6
281601 0.000369 5822.4
282625 0.000368 5862.6
283649 0.008708 248.5
284673 0.004357 498.5
285697 0.000369 5909.9
286721 0.000370 5918.3
287745 0.000367 5984.0
288769 0.000368 5980.7
289793 0.000368 6012.0
290817 0.000372 5966.7
291841 0.000371 5999.8
292865 0.000372 6011.5
293889 0.000371 6039.4
294913 0.000373 6025.0
295937 0.000373 6056.8
296961 0.000384 5894.9
297985 0.000382 5946.8
299009 0.000381 5986.8
300033 0.000382 5996.6
301057 0.000384 5974.0
302081 0.000377 6113.0
303105 0.000476 4860.0
304129 0.012970 178.9
305153 0.000382 6094.9
306177 0.000380 6150.4
307201 0.000379 6180.0
308225 0.000381 6177.0
309249 0.000381 6199.1
310273 0.000382 6204.3
311297 0.000382 6224.9
312321 0.000381 6252.1
313345 0.000384 6232.5
314369 0.000382 6277.3
315393 0.000381 6310.5
316417 0.000383 6295.5
317441 0.000384 6312.8
318465 0.000386 6290.9
319489 0.000386 6319.6
320513 0.000390 6273.3
321537 0.000400 6126.4
322561 0.002806 877.0
323585 0.010661 231.6
324609 0.000403 6141.8
325633 0.000399 6230.1
326657 0.000398 6261.8
327681 0.000397 6301.7
328705 0.000396 6326.7
329729 0.000395 6372.2
330753 0.000398 6339.0
331777 0.000398 6366.9
332801 0.000398 6374.4
333825 0.000401 6354.9
334849 0.000397 6434.1
335873 0.000400 6401.6
336897 0.000402 6399.3
337921 0.000399 6469.3
338945 0.000401 6445.7
339969 0.000403 6442.0
340993 0.001955 1330.9
342017 0.011470 227.5
343041 0.000404 6478.4
344065 0.000405 6478.4
345089 0.000403 6533.3
346113 0.000402 6562.3
347137 0.000400 6613.8
348161 0.000403 6594.6
349185 0.000419 6354.6
350209 0.000406 6587.2
351233 0.000405 6610.4
352257 0.000405 6639.3
353281 0.000403 6694.7
354305 0.000406 6658.7
355329 0.000405 6688.9
356353 0.000407 6678.4
357377 0.000409 6665.3
358401 0.000405 6748.8
359425 0.005560 493.2
360449 0.007617 361.0
361473 0.000411 6703.5
362497 0.000412 6710.6
363521 0.000407 6814.1
364545 0.000553 5032.2
365569 0.000532 5241.2
366593 0.000416 6716.4
367617 0.000558 5024.5
368641 0.000803 3502.6
369665 0.000869 3245.2
370689 0.000752 3758.8
371713 0.004388 646.4
372737 0.009532 298.3
373761 0.000491 5806.5
374785 0.000494 5783.2
375809 0.000489 5869.4
376833 0.000559 5145.0
377857 0.000817 3530.1
378881 0.000726 3982.5
379905 0.000494 5869.5
380929 0.000514 5650.9
381953 0.000585 4977.4
382977 0.000558 5234.3
384001 0.000623 4704.2
385025 0.007146 411.1
386049 0.006027 488.7
387073 0.000471 6276.2
388097 0.000469 6309.9
389121 0.000468 6348.9
390145 0.000463 6426.5
391169 0.000461 6473.3
392193 0.000463 6460.1
393217 0.000465 6452.9
394241 0.000466 6455.6
395265 0.000469 6435.5
396289 0.000469 6446.3
397313 0.000471 6442.4
398337 0.000471 6456.9
399361 0.000471 6474.9
400385 0.000470 6501.6
401409 0.013267 230.8
402433 0.000477 6441.1
403457 0.000476 6471.0
404481 0.000471 6545.5
405505 0.000471 6573.8
406529 0.000473 6563.5
407553 0.000470 6617.9
408577 0.000475 6569.2
409601 0.000474 6593.5
410625 0.000473 6620.5
411649 0.000475 6614.3
412673 0.000476 6616.0
413697 0.000478 6607.8
414721 0.000496 6374.3
415745 0.000479 6621.0
416769 0.013209 240.7
417793 0.000486 6553.3
418817 0.000483 6618.0
419841 0.000479 6683.9
420865 0.000481 6671.5
421889 0.000481 6689.9
422913 0.000481 6708.2
423937 0.000481 6717.8
424961 0.000490 6618.6
425985 0.000487 6674.5
427009 0.000490 6644.1
428033 0.000486 6723.8
429057 0.000486 6741.9
430081 0.000487 6736.0
431105 0.000486 6769.8
432129 0.013288 248.1
433153 0.000498 6635.9
434177 0.000491 6750.3
435201 0.000486 6831.5
436225 0.000491 6773.5
437249 0.000490 6803.4
438273 0.000493 6779.3
439297 0.000493 6801.2
440321 0.000546 6157.1
441345 0.000494 6818.8
442369 0.000495 6813.5
443393 0.000496 6826.5
444417 0.000495 6850.9
445441 0.000499 6808.2
446465 0.010360 328.8
447489 0.003284 1039.7
448513 0.000512 6684.2
449537 0.000506 6784.4
450561 0.000503 6840.5
451585 0.000505 6823.0
452609 0.000502 6878.2
453633 0.000509 6805.0
454657 0.000526 6591.2
455681 0.000510 6811.8
456705 0.000510 6828.9
457729 0.000513 6804.5
458753 0.000517 6763.6
459777 0.000511 6870.4
460801 0.009552 368.0
461825 0.003965 888.6
462849 0.000514 6875.1
463873 0.000510 6938.9
464897 0.000510 6951.1
465921 0.000510 6974.6
466945 0.000510 6979.9
467969 0.000513 6959.4
468993 0.000513 6974.7
470017 0.000511 7018.0
471041 0.000516 6965.7
472065 0.000517 6970.3
473089 0.000517 6978.6
474113 0.000513 7051.5
475137 0.013419 270.1
476161 0.000521 6969.0
477185 0.000518 7029.3
478209 0.000518 7042.2
479233 0.000516 7089.2
480257 0.000514 7134.8
481281 0.000517 7103.2
482305 0.000518 7109.3
483329 0.000519 7107.6
484353 0.000521 7087.9
485377 0.000553 6690.7
486401 0.000520 7130.4
487425 0.000523 7114.2
488449 0.000517 7208.7
489473 0.013408 278.5
490497 0.000524 7139.6
491521 0.000520 7215.8
492545 0.000519 7237.0
493569 0.000533 7065.7
494593 0.000519 7267.8
495617 0.000520 7265.2
496641 0.000521 7271.4
497665 0.000522 7272.8
498689 0.000527 7223.3
499713 0.000528 7216.9
