1 0.000028 0.3
1025 0.000028 279.3
2049 0.000032 493.0
3073 0.000022 1067.7
4097 0.000026 1193.6
5121 0.000025 1534.5
6145 0.000024 1926.5
7169 0.000018 3047.8
8193 0.000018 3405.8
9217 0.000026 2717.6
10241 0.000024 3310.2
11265 0.000024 3526.2
12289 0.000029 3195.1
13313 0.000032 3134.5
14337 0.000034 3217.1
15361 0.000034 3433.3
16385 0.000034 3655.6
17409 0.000036 3692.0
18433 0.000043 3266.6
19457 0.000041 3665.3
20481 0.000043 3649.4
21505 0.000041 4044.2
22529 0.000044 3868.3
23553 0.000047 3854.4
24577 0.000046 4084.0
25601 0.000049 4007.8
26625 0.000046 4373.9
27649 0.000050 4199.8
28673 0.000048 4577.4
29697 0.000052 4355.8
30721 0.000053 4397.0
31745 0.000052 4617.9
32769 0.000056 4425.4
33793 0.000054 4750.4
34817 0.000049 5368.1
35841 0.000051 5324.1
36865 0.000051 5523.1
37889 0.000054 5373.1
38913 0.000055 5396.6
39937 0.000059 5134.5
40961 0.000058 5373.7
41985 0.000055 5849.0
43009 0.000065 5075.4
44033 0.000060 5641.9
45057 0.000062 5531.6
46081 0.000060 5816.9
47105 0.000063 5734.9
48129 0.000063 5810.9
49153 0.000067 5627.1
50177 0.000069 5588.6
51201 0.000068 5714.4
52225 0.000071 5631.1
53249 0.000068 5958.6
54273 0.000069 5999.9
55297 0.000068 6169.4
56321 0.000070 6129.6
57345 0.000067 6547.6
58369 0.000069 6467.5
59393 0.000074 6132.9
60417 0.000076 6065.8
61441 0.000073 6422.5
62465 0.000075 6328.8
63489 0.000076 6349.5
64513 0.000079 6264.0
65537 0.000080 6247.6
66561 0.000078 6483.3
67585 0.000080 6425.8
68609 0.000083 6318.7
69633 0.000080 6612.0
70657 0.000084 6451.4
71681 0.000083 6557.1
72705 0.000087 6376.4
73729 0.000084 6701.3
74753 0.000089 6428.8
75777 0.000089 6508.5
76801 0.000090 6531.0
77825 0.000093 6408.3
78849 0.000093 6441.3
79873 0.002633 231.4
80897 0.007701 80.1
81921 0.001598 391.1
82945 0.000100 6357.5
83969 0.000098 6559.0
84993 0.000097 6665.5
86017 0.000100 6557.1
87041 0.000102 6539.8
88065 0.000103 6520.9
89089 0.000102 6650.6
90113 0.000104 6605.5
91137 0.000104 6672.1
92161 0.000105 6698.5
93185 0.000106 6738.2
94209 0.000109 6579.3
95233 0.000110 6615.3
96257 0.000109 6767.0
97281 0.000111 6668.2
98305 0.000113 6628.4
99329 0.000113 6728.8
100353 0.000115 6682.5
101377 0.000113 6818.4
102401 0.000116 6743.4
103425 0.000117 6734.5
104449 0.000118 6733.9
105473 0.000119 6750.0
106497 0.000128 6339.8
107521 0.000119 6873.0
108545 0.000122 6785.5
109569 0.000120 6944.2
110593 0.000125 6758.7
111617 0.000124 6866.9
112641 0.000123 7008.0
113665 0.000126 6878.9
114689 0.000127 6916.8
115713 0.000128 6890.6
116737 0.000126 7072.3
117761 0.000128 7001.1
118785 0.000129 7030.0
119809 0.000130 7022.3
120833 0.000131 7063.4
121857 0.000130 7140.8
122881 0.000131 7136.3
123905 0.000134 7065.8
124929 0.000134 7102.4
125953 0.000134 7157.4
126977 0.000134 7245.1
128001 0.000136 7185.9
129025 0.000137 7198.8
130049 0.000138 7209.0
131073 0.000207 4821.4
132097 0.000207 4869.1
133121 0.000213 4769.0
134145 0.000211 4857.0
135169 0.000214 4827.1
136193 0.000214 4858.0
137217 0.000215 4866.9
138241 0.011228 93.9
139265 0.001526 696.1
140289 0.000225 4759.4
141313 0.000226 4773.8
142337 0.000222 4897.2
143361 0.000220 4970.5
144385 0.000223 4929.2
145409 0.000222 4995.0
146433 0.000224 4994.8
147457 0.000222 5062.0
148481 0.000226 5012.8
149505 0.000225 5064.7
150529 0.000225 5110.1
151553 0.000225 5136.3
152577 0.000227 5116.8
153601 0.000230 5098.8
154625 0.000229 5160.6
155649 0.000228 5214.9
156673 0.000229 5224.1
157697 0.000229 5251.3
158721 0.000229 5276.7
159745 0.000228 5337.5
160769 0.000231 5301.2
161793 0.000244 5052.7
162817 0.000259 4799.5
163841 0.000257 4860.5
164865 0.000258 4882.0
165889 0.000260 4870.0
166913 0.000262 4867.6
167937 0.000259 4950.5
168961 0.000261 4945.3
169985 0.000263 4924.6
171009 0.012355 105.6
172033 0.000473 2773.6
173057 0.000256 5161.2
174081 0.000257 5177.0
175105 0.000262 5090.4
176129 0.000298 4504.0
177153 0.000261 5170.6
178177 0.000255 5320.9
179201 0.000258 5302.3
180225 0.000249 5515.1
181249 0.000259 5339.4
182273 0.000258 5382.6
183297 0.000272 5132.0
184321 0.000249 5645.3
185345 0.000255 5538.0
186369 0.000258 5501.4
187393 0.000257 5557.9
188417 0.000261 5514.5
189441 0.000266 5437.0
190465 0.000278 5232.4
191489 0.000282 5186.9
192513 0.000282 5212.7
193537 0.000281 5258.8
194561 0.000282 5264.6
195585 0.000282 5299.4
196609 0.000281 5336.2
197633 0.000284 5308.5
198657 0.000282 5368.0
199681 0.012804 119.0
200705 0.000292 5242.3
201729 0.000289 5320.9
202753 0.000289 5343.4
203777 0.000294 5291.0
204801 0.000293 5329.1
205825 0.000293 5355.0
206849 0.000294 5359.0
207873 0.000293 5416.1
208897 0.000292 5463.9
209921 0.000290 5526.6
210945 0.000361 4462.5
211969 0.000293 5518.6
212993 0.000293 5544.8
214017 0.000291 5607.1
215041 0.000292 5617.1
216065 0.000298 5539.2
217089 0.000295 5611.9
218113 0.000304 5479.4
219137 0.000297 5636.9
220161 0.000295 5692.8
221185 0.000299 5634.7
222209 0.000300 5652.9
223233 0.000301 5663.5
224257 0.000300 5703.5
225281 0.010698 160.7
226305 0.002245 769.1
227329 0.000388 4467.2
228353 0.000382 4557.3
229377 0.000347 5042.9
230401 0.000426 4129.0
231425 0.000506 3490.3
232449 0.000343 5177.3
233473 0.000448 3976.5
234497 0.000383 4667.8
235521 0.000323 5559.2
236545 0.000464 3890.8
237569 0.000467 3883.0
238593 0.000428 4256.4
239617 0.000404 4526.7
240641 0.000535 3429.4
241665 0.000636 2897.7
242689 0.001526 1213.1
243713 0.011733 158.5
244737 0.000303 6170.1
245761 0.000300 6247.8
246785 0.000324 5819.5
247809 0.000413 4573.7
248833 0.000311 6112.8
249857 0.000307 6211.1
250881 0.000310 6169.0
251905 0.000304 6313.3
252929 0.000371 5201.1
253953 0.000319 6078.2
254977 0.000310 6281.4
256001 0.000328 5950.5
257025 0.000325 6032.3
258049 0.000320 6160.5
259073 0.000362 5460.0
260097 0.000370 5364.0
261121 0.000354 5625.4
262145 0.000354 5643.4
263169 0.000355 5649.5
264193 0.000356 5659.6
265217 0.000356 5677.0
266241 0.012826 158.4
267265 0.000368 5538.9
268289 0.000366 5597.3
269313 0.000361 5691.8
270337 0.000362 5702.9
271361 0.000362 5719.3
272385 0.000363 5728.8
273409 0.000361 5784.1
274433 0.000366 5714.8
275457 0.000367 5722.1
276481 0.000365 5779.9
277505 0.000361 5857.8
278529 0.000367 5795.4
279553 0.000368 5792.6
280577 0.000364 5886.0
281601 0.000364 5907.3
282625 0.000365 5909.5
283649 0.000370 5849.5
284673 0.000369 5880.4
285697 0.000383 5690.0
286721 0.001377 1588.6
287745 0.011762 186.6
288769 0.000372 5916.0
289793 0.000368 6006.2
290817 0.000391 5681.3
291841 0.000375 5933.0
292865 0.000374 5973.8
293889 0.000373 6006.2
294913 0.000381 5901.0
295937 0.000373 6045.9
296961 0.000374 6053.0
297985 0.000372 6114.0
299009 0.000373 6116.7
300033 0.000374 6126.4
301057 0.000376 6115.7
302081 0.000380 6063.7
303105 0.000382 6046.9
304129 0.000377 6149.0
305153 0.000382 6099.7
306177 0.000381 6135.9
307201 0.002897 809.0
308225 0.010156 231.6
309249 0.000384 6139.3
310273 0.000384 6161.9
311297 0.000386 6150.0
312321 0.000386 6171.2
313345 0.000405 5903.6
314369 0.000384 6242.1
315393 0.000393 6127.6
316417 0.000381 6330.3
317441 0.000382 6333.1
318465 0.000385 6317.8
319489 0.000394 6188.5
320513 0.000386 6338.2
321537 0.000397 6184.6
322561 0.000396 6209.4
323585 0.000395 6247.0
324609 0.000395 6262.7
325633 0.000405 6134.5
326657 0.000397 6278.4
327681 0.012866 194.3
328705 0.000408 6145.5
329729 0.000405 6217.3
330753 0.000402 6277.2
331777 0.000400 6321.1
332801 0.000399 6369.1
333825 0.000401 6353.3
334849 0.000399 6401.5
335873 0.000401 6396.4
336897 0.000401 6408.6
337921 0.000401 6434.7
338945 0.000399 6483.5
339969 0.000402 6451.0
340993 0.000404 6444.4
342017 0.000401 6515.1
343041 0.000404 6481.9
344065 0.000402 6534.0
345089 0.000407 6471.2
346113 0.008435 313.1
347137 0.004475 591.9
348161 0.000410 6482.1
349185 0.000404 6589.5
350209 0.000407 6559.9
351233 0.000405 6616.3
352257 0.000405 6639.0
353281 0.000407 6615.9
354305 0.000412 6566.8
355329 0.000408 6650.3
356353 0.000407 6685.1
357377 0.000407 6694.7
358401 0.000409 6687.7
359425 0.000408 6725.1
360449 0.000410 6703.1
361473 0.000409 6749.1
362497 0.000407 6799.3
363521 0.000411 6744.6
364545 0.000412 6743.8
365569 0.012865 216.8
366593 0.000418 6686.6
367617 0.000414 6771.4
368641 0.000416 6752.9
369665 0.000414 6819.4
370689 0.000416 6802.5
371713 0.000444 6382.5
372737 0.000415 6845.5
373761 0.000415 6878.3
374785 0.000412 6944.9
375809 0.000414 6921.7
376833 0.000412 6972.6
377857 0.000417 6909.6
378881 0.000418 6913.9
379905 0.000420 6894.5
380929 0.000418 6947.2
381953 0.000416 7010.8
382977 0.000417 7006.9
384001 0.012869 227.6
385025 0.000428 6868.1
386049 0.000468 6287.5
387073 0.000470 6289.4
388097 0.000469 6311.6
389121 0.000466 6375.6
390145 0.000469 6339.9
391169 0.000467 6391.6
392193 0.000467 6413.5
393217 0.000467 6421.7
394241 0.000468 6430.8
395265 0.000468 6438.0
396289 0.000471 6415.4
397313 0.000476 6363.8
398337 0.000471 6451.9
399361 0.000472 6460.5
400385 0.012937 236.1
401409 0.000477 6419.4
402433 0.000475 6457.8
403457 0.000482 6383.1
404481 0.000475 6501.6
405505 0.000496 6231.7
406529 0.000478 6491.3
407553 0.000475 6547.9
408577 0.000473 6588.1
409601 0.000476 6571.3
410625 0.000475 6591.7
411649 0.000477 6579.6
412673 0.000475 6634.4
413697 0.000479 6588.4
414721 0.000480 6586.0
415745 0.000479 6626.6
416769 0.012915 246.2
417793 0.000485 6570.8
418817 0.000483 6610.1
419841 0.000483 6636.8
420865 0.000486 6607.8
421889 0.000482 6672.5
422913 0.000485 6650.1
423937 0.000485 6673.4
424961 0.000481 6745.5
425985 0.000483 6726.9
427009 0.000485 6719.4
428033 0.000485 6726.7
429057 0.000483 6771.5
430081 0.000487 6741.0
431105 0.000489 6730.6
432129 0.013037 252.9
433153 0.000924 3577.2
434177 0.001068 3100.4
435201 0.000796 4171.1
436225 0.000550 6047.2
437249 0.000600 5556.5
438273 0.000800 4177.9
439297 0.000546 6139.7
440321 0.000610 5503.0
441345 0.000621 5419.1
442369 0.000605 5577.7
443393 0.012940 261.4
444417 0.000502 6759.5
445441 0.000496 6856.2
446465 0.000500 6816.7
447489 0.000502 6801.9
448513 0.000508 6742.0
449537 0.000509 6733.3
450561 0.000506 6787.6
451585 0.000503 6850.1
452609 0.000502 6874.9
453633 0.000505 6847.5
454657 0.000506 6855.4
455681 0.000506 6869.1
456705 0.000508 6865.2
457729 0.000511 6835.4
458753 0.012987 269.5
459777 0.000515 6806.2
460801 0.000511 6884.2
461825 0.000512 6887.7
462849 0.000516 6842.7
463873 0.000511 6919.5
464897 0.000510 6952.8
465921 0.000509 6983.9
466945 0.000511 6967.2
467969 0.000512 6972.6
468993 0.000513 6969.3
470017 0.000514 6975.2
471041 0.000515 6974.7
472065 0.000517 6964.2
473089 0.004624 780.6
474113 0.008718 414.9
475137 0.000521 6962.7
476161 0.000523 6943.6
477185 0.000521 6991.9
478209 0.000611 5971.8
479233 0.000521 7015.9
480257 0.000520 7052.0
481281 0.000513 7154.3
482305 0.000519 7095.2
483329 0.000513 7186.5
484353 0.000517 7150.9
485377 0.000518 7147.8
486401 0.000517 7171.7
487425 0.000515 7225.5
488449 0.012994 286.8
489473 0.000525 7116.9
490497 0.000518 7223.2
491521 0.000517 7255.7
492545 0.000521 7214.6
493569 0.000520 7238.8
494593 0.000526 7171.6
495617 0.000521 7263.8
496641 0.000521 7271.5
497665 0.000520 7297.5
498689 0.000520 7317.2
499713 0.000522 7299.1
500737 0.000524 7286.6
501761 0.000520 7355.4
502785 0.012997 295.1
503809 0.000533 7208.4
504833 0.000523 7357.5
505857 0.000523 7383.8
506881 0.000527 7340.7
507905 0.000527 7358.1
508929 0.000526 7380.8
509953 0.000529 7355.2
510977 0.000523 7458.3
512001 0.000537 7270.0
513025 0.000531 7372.6
514049 0.000577 6791.8
515073 0.000579 6790.6
516097 0.000579 6804.0
517121 0.013020 303.0
518145 0.000589 6715.1
519169 0.000585 6774.9
520193 0.000581 6829.7
521217 0.000584 6804.3
522241 0.000581 6852.2
523265 0.000580 6881.3
524289 0.000584 6844.5
525313 0.000595 6737.6
526337 0.000587 6839.4
527361 0.000599 6713.1
528385 0.000589 6844.3
529409 0.000599 6741.8
530433 0.013022 310.8
531457 0.000597 6790.6
532481 0.000618 6569.7
533505 0.000589 6910.4
534529 0.000591 6902.3
535553 0.000589 6940.5
536577 0.000589 6945.8
537601 0.000592 6932.6
538625 0.000600 6850.9
539649 0.000596 6908.8
540673 0.000591 6983.5
541697 0.000596 6936.8
542721 0.004234 978.0
543745 0.009156 453.1
544769 0.000598 6950.6
545793 0.000597 6975.4
546817 0.000599 6967.8
547841 0.000593 7047.3
548865 0.000594 7051.7
549889 0.000595 7055.8
550913 0.000593 7086.7
551937 0.000601 7011.1
552961 0.000597 7068.2
553985 0.000600 7039.3
555009 0.000599 7074.7
556033 0.013058 324.9
557057 0.000604 7030.9
558081 0.000599 7110.0
559105 0.000599 7125.9
560129 0.000609 7012.6
561153 0.000604 7093.5
562177 0.000602 7122.3
563201 0.000606 7091.8
564225 0.000603 7139.9
565249 0.000605 7123.6
566273 0.000606 7127.9
567297 0.000608 7120.2
568321 0.002778 1560.5
569345 0.010801 402.2
570369 0.000614 7091.2
571393 0.000616 7076.5
572417 0.000623 7010.5
573441 0.000613 7141.0
574465 0.000608 7205.6
575489 0.000606 7250.7
576513 0.000615 7147.2
577537 0.000618 7134.8
578561 0.000623 7081.1
579585 0.000739 5983.1
580609 0.013411 330.3
581633 0.000629 7050.2
582657 0.000631 7049.8
583681 0.000625 7130.4
584705 0.000618 7220.2
585729 0.000620 7206.8
586753 0.000618 7239.3
587777 0.000625 7175.7
588801 0.000621 7233.8
589825 0.000622 7232.5
590849 0.000627 7186.9
591873 0.000621 7266.6
592897 0.013102 345.2
593921 0.000631 7183.6
594945 0.000631 7196.3
595969 0.000635 7154.8
596993 0.000637 7145.4
598017 0.000636 7175.8
599041 0.000635 7195.6
