1 0.000068 0.1
257 0.000069 28.4
513 0.000067 58.4
769 0.000067 87.2
1025 0.000069 113.5
1281 0.000066 147.1
1537 0.000084 138.9
1793 0.000084 162.5
2049 0.000085 184.9
2305 0.000083 213.1
2561 0.000084 233.5
2817 0.000083 257.5
3073 0.000085 276.4
3329 0.000083 307.4
3585 0.000084 327.1
3841 0.000084 350.6
4097 0.000085 369.7
4353 0.000084 394.5
4609 0.000084 419.7
4865 0.000084 439.7
5121 0.000085 460.0
5377 0.000084 490.6
5633 0.000084 511.8
5889 0.000084 534.3
6145 0.000086 543.9
6401 0.000086 569.1
6657 0.000086 589.2
6913 0.000085 623.2
7169 0.000086 633.0
7425 0.000086 659.1
7681 0.000087 670.5
7937 0.000085 709.8
8193 0.000087 721.7
8449 0.000086 746.8
8705 0.000087 763.2
8961 0.000086 791.6
9217 0.000165 425.5
9473 0.000183 395.2
9729 0.000203 365.5
9985 0.000223 342.3
10241 0.000141 552.3
10497 0.000143 561.0
10753 0.000142 577.2
11009 0.000212 396.4
11265 0.000143 601.7
11521 0.000322 272.8
11777 0.001922 46.8
12033 0.002018 45.5
12289 0.003544 26.5
12545 0.003334 28.7
12801 0.003251 30.0
13057 0.001253 79.5
13313 0.000115 884.6
13569 0.000112 921.9
13825 0.000113 931.2
14081 0.000113 947.1
14337 0.000112 974.7
14593 0.000114 979.4
14849 0.000114 998.1
15105 0.000113 1023.7
15361 0.000113 1037.6
15617 0.000123 971.5
15873 0.000148 819.0
16129 0.000136 904.9
16385 0.000112 1115.9
16641 0.000113 1126.5
16897 0.000112 1151.7
17153 0.000112 1168.1
17409 0.000125 1064.6
17665 0.000121 1116.5
17921 0.000121 1126.4
18177 0.000112 1234.5
18433 0.000111 1263.4
18689 0.006806 21.0
18945 0.005241 27.6
19201 0.003900 37.6
19457 0.001648 90.1
19713 0.000117 1282.6
19969 0.000116 1315.9
20225 0.000117 1319.7
20481 0.000117 1334.5
20737 0.000116 1359.0
20993 0.000115 1391.0
21249 0.000115 1408.6
21505 0.000115 1424.6
21761 0.000115 1438.0
22017 0.000116 1452.3
22273 0.000115 1473.6
22529 0.000116 1478.3
22785 0.000116 1501.5
23041 0.000116 1510.9
23297 0.000116 1532.8
23553 0.000116 1552.8
23809 0.000117 1548.9
24065 0.000116 1580.7
24321 0.000117 1591.3
24577 0.000117 1609.2
24833 0.000272 695.3
25089 0.003999 47.9
25345 0.004059 47.6
25601 0.004322 45.2
25857 0.003920 50.3
26113 0.001124 177.2
26369 0.000118 1702.6
26625 0.000119 1713.5
26881 0.000118 1732.5
27137 0.000118 1755.1
27393 0.000118 1774.4
27649 0.000117 1800.9
27905 0.000118 1811.1
28161 0.000119 1800.9
28417 0.000119 1820.2
28673 0.000119 1845.0
28929 0.000119 1851.8
29185 0.000119 1874.3
29441 0.000118 1900.5
29697 0.000117 1930.8
29953 0.000118 1943.9
30209 0.000118 1951.1
30465 0.000119 1958.2
30721 0.000119 1967.5
30977 0.000118 2004.8
31233 0.001011 235.7
31489 0.003999 60.1
31745 0.004439 54.6
32001 0.004002 61.0
32257 0.003880 63.4
32513 0.000422 588.0
32769 0.000119 2109.2
33025 0.000120 2101.9
33281 0.000118 2152.9
33537 0.000118 2159.8
33793 0.000119 2170.8
34049 0.000118 2201.0
34305 0.000131 1995.1
34561 0.000130 2030.5
34817 0.000122 2185.3
35073 0.000122 2193.3
35329 0.000122 2215.6
35585 0.000121 2243.1
35841 0.000122 2243.9
36097 0.000122 2266.6
36353 0.000180 1543.1
36609 0.000121 2308.3
36865 0.000122 2303.7
37121 0.000123 2309.2
37377 0.002313 123.3
37633 0.003999 71.8
37889 0.004201 68.8
38145 0.003799 76.6
38401 0.003357 87.3
38657 0.000126 2335.3
38913 0.000125 2368.5
39169 0.000124 2406.7
39425 0.000127 2375.6
39681 0.000125 2416.7
39937 0.000124 2452.3
40193 0.000125 2444.6
40449 0.000126 2457.9
40705 0.000124 2505.0
40961 0.000123 2541.5
41217 0.000126 2501.0
41473 0.000124 2551.3
41729 0.000124 2564.6
41985 0.000124 2584.0
42241 0.000125 2581.2
42497 0.000124 2616.8
42753 0.000125 2604.1
43009 0.000125 2620.8
43265 0.000125 2633.7
43521 0.002392 138.8
43777 0.003999 83.5
44033 0.004000 84.0
44289 0.003799 88.9
44545 0.003411 99.6
44801 0.000126 2721.6
45057 0.000127 2708.4
45313 0.000127 2722.7
45569 0.000126 2758.9
45825 0.000125 2792.1
46081 0.000125 2804.7
46337 0.000126 2816.2
46593 0.000126 2812.6
46849 0.000125 2850.2
47105 0.000125 2886.3
47361 0.000128 2831.3
47617 0.000127 2871.3
47873 0.000124 2939.5
48129 0.000125 2926.6
48385 0.000127 2913.9
48641 0.000126 2940.6
48897 0.000127 2936.2
49153 0.000127 2951.0
49409 0.000127 2979.8
49665 0.001743 217.4
49921 0.004011 95.0
50177 0.004019 95.2
50433 0.003951 97.4
50689 0.003846 100.5
50945 0.000127 3064.5
51201 0.000127 3078.1
51457 0.000129 3051.8
51713 0.000128 3089.5
51969 0.000128 3103.7
52225 0.000127 3141.5
52481 0.000127 3145.6
52737 0.000126 3184.7
52993 0.000126 3197.3
53249 0.000127 3187.7
53505 0.000127 3223.9
53761 0.000128 3216.2
54017 0.000126 3266.7
54273 0.000127 3260.9
54529 0.000127 3266.7
54785 0.000127 3288.8
55041 0.000127 3306.8
55297 0.000129 3277.6
55553 0.000128 3314.0
55809 0.001646 258.7
56065 0.004060 105.4
56321 0.003980 108.0
56577 0.003878 111.3
56833 0.003955 109.6
57089 0.000252 1728.1
57345 0.000249 1757.0
57601 0.000368 1194.1
57857 0.000136 3253.8
58113 0.000243 1827.7
58369 0.000352 1265.1
58625 0.000243 1841.4
58881 0.000245 1831.4
59137 0.000247 1826.9
59393 0.000298 1521.8
59649 0.000417 1091.4
59905 0.000408 1121.5
60161 0.000137 3340.2
60417 0.000135 3409.5
60673 0.000182 2537.1
60929 0.000165 2814.5
61185 0.000238 1965.3
61441 0.000216 2172.2
61697 0.000161 2927.9
61953 0.000147 3224.5
62209 0.000135 3521.5
62465 0.000136 3513.7
62721 0.000355 1347.5
62977 0.000195 2466.6
63233 0.000145 3326.6
63489 0.000136 3566.2
63745 0.000165 2945.3
64001 0.000157 3117.4
64257 0.000255 1921.0
64513 0.000187 2637.0
64769 0.000146 3392.1
65025 0.000175 2842.7
65281 0.000152 3285.7
65537 0.000142 3514.8
65793 0.000249 2014.1
66049 0.000207 2440.0
66305 0.000242 2092.8
66561 0.000181 2806.6
66817 0.000249 2047.0
67073 0.000164 3123.7
67329 0.000157 3267.1
67585 0.000212 2435.3
67841 0.000174 2976.9
68097 0.000207 2511.9
68353 0.000360 1449.8
68609 0.001391 376.3
68865 0.005540 94.8
69121 0.003335 158.1
69377 0.000805 657.9
69633 0.000572 929.4
69889 0.000918 580.9
70145 0.000134 4006.3
70401 0.000133 4035.5
70657 0.000133 4045.0
70913 0.000132 4084.3
71169 0.000132 4119.7
71425 0.000133 4097.4
71681 0.000132 4130.7
71937 0.000132 4147.6
72193 0.000132 4176.1
72449 0.000132 4189.6
72705 0.000132 4198.9
72961 0.000133 4175.9
73217 0.000133 4198.6
73473 0.000132 4257.1
73729 0.000132 4250.1
73985 0.000132 4284.1
74241 0.000132 4303.5
74497 0.000137 4136.9
74753 0.000134 4259.1
75009 0.000132 4328.7
75265 0.000134 4295.0
75521 0.000132 4380.0
75777 0.000133 4363.1
76033 0.000133 4362.8
76289 0.000133 4373.0
76545 0.000133 4406.3
76801 0.000134 4378.7
77057 0.000133 4430.6
77313 0.000135 4378.8
77569 0.000134 4431.1
77825 0.000133 4460.5
78081 0.000133 4482.1
78337 0.000133 4495.0
78593 0.000133 4497.5
78849 0.000133 4534.7
79105 0.000134 4490.2
79361 0.000136 4440.5
79617 0.000134 4540.3
79873 0.000134 4541.8
80129 0.000133 4581.3
80385 0.000134 4584.8
80641 0.000135 4567.3
80897 0.000134 4621.1
81153 0.000135 4576.8
81409 0.000134 4638.3
81665 0.000133 4702.0
81921 0.000134 4679.8
82177 0.000134 4681.9
82433 0.000134 4705.0
82689 0.000133 4747.0
82945 0.000145 4376.9
83201 0.000137 4619.4
83457 0.000134 4769.2
83713 0.000134 4757.7
83969 0.000135 4746.3
84225 0.004538 141.6
84481 0.007934 81.2
84737 0.000139 4639.3
84993 0.000138 4684.8
85249 0.000138 4722.9
85505 0.000137 4762.4
85761 0.000137 4788.2
86017 0.000149 4412.3
86273 0.000149 4419.1
86529 0.000139 4758.2
86785 0.000124 5337.6
87041 0.000125 5321.1
87297 0.000125 5341.9
87553 0.000126 5314.7
87809 0.000176 3810.2
88065 0.000124 5403.4
88321 0.000125 5391.4
88577 0.000124 5432.6
88833 0.000125 5442.9
89089 0.000126 5392.0
89345 0.000127 5354.4
89601 0.000125 5487.4
89857 0.000125 5463.6
90113 0.000125 5519.2
90369 0.000125 5511.4
90625 0.000125 5512.1
90881 0.000126 5515.8
91137 0.000126 5531.6
91393 0.000125 5570.4
91649 0.000125 5585.8
91905 0.000127 5531.3
92161 0.000126 5589.5
92417 0.000125 5632.5
92673 0.000125 5677.1
92929 0.000126 5614.9
93185 0.000125 5671.0
93441 0.000126 5675.5
93697 0.000124 5751.6
93953 0.000127 5627.0
94209 0.000125 5736.0
94465 0.000126 5703.3
94721 0.000126 5722.4
94977 0.000126 5739.6
95233 0.000125 5828.2
95489 0.000125 5809.9
95745 0.000127 5740.8
96001 0.000127 5751.5
96257 0.000126 5810.8
96513 0.000127 5815.2
96769 0.000126 5860.8
97025 0.000126 5883.2
97281 0.000126 5870.4
97537 0.000127 5861.2
97793 0.000130 5718.3
98049 0.000130 5737.2
98305 0.000127 5884.3
98561 0.000125 6006.8
98817 0.000125 6010.3
99073 0.000126 6017.2
99329 0.001717 441.5
99585 0.007400 102.7
99841 0.003348 227.5
100097 0.000128 5952.2
100353 0.000129 5953.5
100609 0.000128 6009.0
100865 0.000128 6015.7
101121 0.000125 6157.2
101377 0.000127 6081.1
101633 0.000126 6163.3
101889 0.000128 6090.0
102145 0.000127 6153.8
102401 0.000126 6177.9
102657 0.000127 6168.6
102913 0.000127 6198.9
103169 0.000127 6182.9
103425 0.000127 6190.3
103681 0.000126 6254.3
103937 0.000127 6248.4
104193 0.000127 6280.4
104449 0.000126 6343.2
104705 0.000127 6291.2
104961 0.000126 6367.4
105217 0.000127 6311.3
105473 0.000127 6358.5
105729 0.000127 6328.8
105985 0.000126 6421.5
106241 0.000127 6405.6
106497 0.000126 6423.5
106753 0.000127 6434.9
107009 0.000126 6460.4
107265 0.000127 6422.9
107521 0.000127 6449.8
107777 0.000128 6419.7
108033 0.000126 6532.7
108289 0.000126 6539.7
108545 0.000128 6451.1
108801 0.000127 6523.8
109057 0.000130 6402.6
109313 0.000131 6368.2
109569 0.000131 6377.1
109825 0.000131 6377.8
110081 0.000133 6334.2
110337 0.000132 6390.1
110593 0.000131 6428.4
110849 0.000133 6371.1
111105 0.000132 6445.7
111361 0.000134 6318.5
111617 0.000134 6334.6
111873 0.000136 6259.2
112129 0.000135 6342.2
112385 0.000135 6358.1
112641 0.000136 6311.3
112897 0.000137 6303.7
113153 0.000136 6366.2
113409 0.000136 6380.9
113665 0.000140 6193.0
113921 0.000137 6327.4
114177 0.000136 6416.8
114433 0.000136 6425.1
114689 0.003348 261.3
114945 0.009010 97.3
115201 0.000142 6190.2
115457 0.000135 6541.4
115713 0.000134 6587.6
115969 0.000134 6588.4
116225 0.000133 6663.6
116481 0.000133 6682.8
116737 0.000132 6735.9
116993 0.000133 6704.3
117249 0.000132 6775.8
117505 0.000132 6816.2
117761 0.000132 6783.5
118017 0.000133 6744.7
118273 0.000133 6785.5
118529 0.000133 6794.0
118785 0.000134 6771.5
119041 0.000132 6902.9
119297 0.000134 6790.3
119553 0.000134 6825.3
119809 0.000133 6870.8
120065 0.000134 6850.1
120321 0.000133 6924.5
120577 0.000134 6856.9
120833 0.000135 6827.0
121089 0.000135 6868.5
121345 0.000136 6818.1
121601 0.000137 6767.9
121857 0.000135 6861.8
122113 0.000136 6851.7
122369 0.000135 6904.8
122625 0.000139 6713.0
122881 0.000137 6821.7
123137 0.000136 6892.3
123393 0.000137 6862.2
123649 0.000137 6874.2
123905 0.000137 6917.8
124161 0.000138 6877.7
124417 0.000138 6898.4
124673 0.000139 6865.3
124929 0.000137 6961.5
125185 0.000136 7028.9
125441 0.000137 6971.7
125697 0.000138 6945.7
125953 0.000138 6949.3
126209 0.000137 7019.7
126465 0.000137 7022.3
126721 0.000135 7187.8
126977 0.000133 7260.1
127233 0.000137 7061.3
127489 0.000140 6970.3
127745 0.000140 6937.0
128001 0.000141 6907.2
128257 0.000142 6874.1
128513 0.000141 6949.7
128769 0.000143 6889.5
129025 0.000278 3536.4
129281 0.006761 145.9
129537 0.005415 182.5
129793 0.000151 6538.6
130049 0.000142 6972.9
130305 0.000144 6896.3
130561 0.000143 6960.9
130817 0.000144 6936.2
131073 0.000214 4679.7
131329 0.000215 4653.5
131585 0.000214 4693.1
131841 0.000214 4703.5
132097 0.000214 4707.1
132353 0.000215 4707.3
132609 0.000213 4751.9
132865 0.000214 4746.8
133121 0.000210 4843.4
133377 0.000219 4653.9
133633 0.000212 4798.4
133889 0.000214 4779.9
134145 0.000211 4857.0
134401 0.000213 4825.0
134657 0.000212 4845.0
134913 0.000212 4854.8
135169 0.000212 4867.4
135425 0.000213 4859.9
135681 0.000211 4910.8
135937 0.000214 4838.9
136193 0.000211 4930.1
136449 0.000214 4865.7
136705 0.000212 4913.0
136961 0.000216 4844.1
137217 0.000215 4878.0
137473 0.000212 4950.4
137729 0.000215 4897.4
137985 0.000214 4930.8
138241 0.000213 4943.0
138497 0.000214 4935.2
138753 0.000213 4961.5
139009 0.009960 106.5
139265 0.002584 411.1
139521 0.000217 4910.7
139777 0.000219 4873.8
140033 0.000216 4949.0
140289 0.000214 5004.5
140545 0.000214 5002.9
140801 0.000215 4988.8
141057 0.000271 3974.0
141313 0.000217 4977.2
141569 0.000215 5026.2
141825 0.000214 5047.5
142081 0.000218 4975.6
142337 0.000217 4999.5
142593 0.000216 5033.2
142849 0.000216 5053.0
143105 0.000216 5045.1
143361 0.000216 5058.7
143617 0.000217 5058.7
143873 0.000218 5046.6
144129 0.000218 5041.0
144385 0.000216 5094.0
144641 0.000218 5068.3
144897 0.000219 5037.0
145153 0.000218 5086.0
145409 0.000216 5137.3
145665 0.000218 5088.6
145921 0.000221 5027.1
146177 0.000218 5116.6
146433 0.000219 5103.3
146689 0.000219 5099.3
146945 0.000219 5117.2
147201 0.000217 5171.5
147457 0.000219 5140.8
147713 0.000219 5137.8
147969 0.010348 109.1
148225 0.002255 501.6
148481 0.000226 5019.2
148737 0.000225 5042.2
148993 0.000224 5082.2
149249 0.000225 5064.9
149505 0.000225 5065.8
149761 0.000224 5098.0
