1 0.000068 0.1
1025 0.000070 111.9
2049 0.000086 182.7
3073 0.000086 272.4
4097 0.000087 358.8
5121 0.000087 449.1
6145 0.000086 542.4
7169 0.000086 635.3
8193 0.000086 730.7
9217 0.000088 801.4
10241 0.000089 881.1
11265 0.000089 961.3
12289 0.000098 956.8
13313 0.000113 895.5
14337 0.000113 965.6
15361 0.000113 1036.2
16385 0.000113 1110.1
17409 0.000113 1180.1
18433 0.000113 1246.1
19457 0.000114 1304.7
20481 0.000114 1367.2
21505 0.000113 1446.0
22529 0.000114 1508.2
23553 0.000116 1548.7
24577 0.000116 1622.0
25601 0.000116 1686.4
26625 0.000117 1739.7
27649 0.000117 1803.3
28673 0.000117 1866.1
29697 0.000118 1919.2
30721 0.000119 1977.5
31745 0.000119 2034.9
32769 0.000119 2100.7
33793 0.000118 2176.9
34817 0.000121 2187.2
35841 0.000122 2239.1
36865 0.000122 2296.8
37889 0.000123 2344.3
38913 0.000123 2406.8
39937 0.000123 2482.4
40961 0.000123 2534.8
41985 0.000124 2584.7
43009 0.000124 2653.7
44033 0.000125 2687.7
45057 0.000130 2644.4
46081 0.000139 2522.7
47105 0.000126 2860.6
48129 0.000125 2930.3
49153 0.000126 2969.2
50177 0.000127 3012.4
51201 0.000127 3083.6
52225 0.000130 3057.7
53249 0.000129 3153.9
54273 0.000129 3212.9
55297 0.000128 3294.5
56321 0.000129 3343.8
57345 0.000129 3400.0
58369 0.000130 3424.3
59393 0.000129 3501.8
60417 0.000129 3560.5
61441 0.000131 3581.6
62465 0.000131 3627.2
63489 0.000131 3685.3
64513 0.000131 3745.7
65537 0.000132 3786.5
66561 0.000133 3819.2
67585 0.000133 3866.2
68609 0.001527 342.9
69633 0.007020 75.7
70657 0.004167 129.4
71681 0.000135 4037.4
72705 0.000136 4079.3
73729 0.000137 4109.5
74753 0.000135 4223.3
75777 0.000136 4259.2
76801 0.000135 4327.6
77825 0.000135 4403.3
78849 0.000134 4488.7
79873 0.000134 4532.3
80897 0.000135 4556.7
81921 0.000135 4627.3
82945 0.000136 4659.7
83969 0.000136 4722.7
84993 0.000136 4775.5
86017 0.000148 4435.1
87041 0.000149 4461.0
88065 0.000148 4528.1
89089 0.000148 4607.4
90113 0.000149 4626.6
91137 0.000147 4740.8
92161 0.000148 4756.9
93185 0.000146 4860.3
94209 0.000146 4915.4
95233 0.000146 4987.6
96257 0.000147 5001.2
97281 0.000147 5055.5
98305 0.000147 5111.5
99329 0.000141 5359.4
100353 0.000141 5427.1
101377 0.000126 6115.1
102401 0.000126 6186.0
103425 0.000127 6236.4
104449 0.000126 6324.1
105473 0.000131 6157.2
106497 0.000130 6241.8
107521 0.000131 6262.1
108545 0.000131 6306.6
109569 0.000131 6387.6
110593 0.000131 6420.6
111617 0.000137 6227.4
112641 0.000137 6292.6
113665 0.000137 6326.7
114689 0.000138 6359.0
115713 0.000137 6424.4
116737 0.000137 6495.4
117761 0.000140 6420.9
118785 0.000138 6551.5
119809 0.000142 6415.2
120833 0.000141 6532.0
121857 0.000140 6619.2
122881 0.000141 6659.7
123905 0.000140 6735.7
124929 0.006539 145.8
125953 0.006134 156.7
126977 0.000139 6954.7
128001 0.000141 6927.6
129025 0.000143 6866.1
130049 0.000144 6882.8
131073 0.000210 4762.1
132097 0.000210 4792.7
133121 0.000219 4638.0
134145 0.000212 4828.3
135169 0.000211 4886.9
136193 0.000215 4838.5
137217 0.000218 4794.8
138241 0.000218 4827.2
139265 0.000217 4901.3
140289 0.000219 4890.1
141313 0.000218 4937.0
142337 0.000221 4919.6
143361 0.000220 4981.2
144385 0.000225 4889.2
145409 0.000221 5013.4
146433 0.000223 5018.3
147457 0.000221 5079.5
148481 0.000223 5072.9
149505 0.000231 4941.8
150529 0.000224 5122.3
151553 0.000223 5188.5
152577 0.000225 5177.8
153601 0.000225 5201.4
154625 0.000227 5196.0
155649 0.000226 5244.0
156673 0.000226 5282.7
157697 0.000227 5294.2
158721 0.000227 5330.1
159745 0.000229 5333.7
160769 0.000638 1923.8
161793 0.012318 100.2
162817 0.000256 4843.1
163841 0.000263 4749.6
164865 0.000257 4893.6
165889 0.000259 4879.9
166913 0.000256 4970.3
167937 0.000259 4938.1
168961 0.000261 4940.3
169985 0.000269 4824.9
171009 0.000263 4954.2
172033 0.000256 5134.1
173057 0.000258 5119.5
174081 0.000262 5074.4
175105 0.000258 5184.9
176129 0.000258 5202.5
177153 0.000264 5110.8
178177 0.000262 5188.9
179201 0.000261 5247.9
180225 0.000261 5264.8
181249 0.000258 5354.2
182273 0.000257 5420.3
183297 0.000260 5371.7
184321 0.000259 5437.0
185345 0.000262 5399.3
186369 0.000261 5440.9
187393 0.000259 5514.7
188417 0.000266 5413.9
189441 0.000265 5446.1
190465 0.005102 284.8
191489 0.007660 190.7
192513 0.000286 5138.8
193537 0.000280 5265.7
194561 0.000304 4879.4
195585 0.000279 5350.9
196609 0.000282 5317.9
197633 0.000282 5337.6
198657 0.000282 5380.4
199681 0.000288 5293.2
200705 0.000289 5289.9
201729 0.000286 5373.4
202753 0.000292 5305.5
203777 0.000290 5354.9
204801 0.000287 5436.8
205825 0.000289 5441.5
206849 0.000305 5174.8
207873 0.000288 5507.8
208897 0.000290 5499.6
209921 0.000288 5566.6
210945 0.000295 5460.6
211969 0.000298 5419.2
212993 0.000319 5101.8
214017 0.000514 3179.0
215041 0.000375 4374.0
216065 0.012916 127.6
217089 0.000734 2257.9
218113 0.000531 3135.6
219137 0.000622 2689.6
220161 0.000406 4140.9
221185 0.000388 4349.7
222209 0.000328 5174.8
223233 0.000335 5083.5
224257 0.000394 4341.0
225281 0.000487 3528.7
226305 0.000342 5043.3
227329 0.000320 5426.4
228353 0.000344 5067.2
229377 0.000478 3660.9
230401 0.000387 4547.1
231425 0.000358 4935.5
232449 0.000373 4753.7
233473 0.000767 2323.6
234497 0.001362 1314.0
235521 0.010941 164.2
236545 0.000344 5240.2
237569 0.000307 5895.8
238593 0.000306 5954.9
239617 0.000303 6031.9
240641 0.000304 6041.7
241665 0.000305 6042.6
242689 0.000305 6070.5
243713 0.000303 6133.4
244737 0.000299 6243.4
245761 0.000300 6257.1
246785 0.000298 6318.9
247809 0.000300 6293.7
248833 0.000301 6314.5
249857 0.000299 6373.9
250881 0.000303 6313.0
251905 0.000296 6484.5
252929 0.000296 6515.5
253953 0.000302 6418.4
254977 0.000302 6449.7
256001 0.000304 6415.5
257025 0.000311 6297.4
258049 0.000312 6318.2
259073 0.000356 5551.1
260097 0.012923 153.6
261121 0.000359 5545.5
262145 0.000357 5596.6
263169 0.000355 5654.5
264193 0.000372 5412.6
265217 0.000365 5542.9
266241 0.000362 5610.7
267265 0.000357 5715.0
268289 0.000358 5711.2
269313 0.000360 5711.4
270337 0.000361 5715.6
271361 0.000364 5691.1
272385 0.000361 5754.2
273409 0.000360 5798.9
274433 0.000359 5831.9
275457 0.000360 5842.4
276481 0.000361 5847.7
277505 0.000361 5863.9
278529 0.000363 5849.6
279553 0.000365 5846.1
280577 0.007812 274.0
281601 0.005135 418.4
282625 0.000370 5828.2
283649 0.000367 5891.1
284673 0.000368 5900.5
285697 0.000368 5929.4
286721 0.000367 5958.2
287745 0.000368 5963.6
288769 0.000369 5969.3
289793 0.000370 5978.7
290817 0.000372 5965.2
291841 0.000370 6020.6
292865 0.000373 5997.6
293889 0.000374 6000.2
294913 0.000372 6046.1
295937 0.000374 6039.0
296961 0.000374 6057.8
297985 0.000374 6081.6
299009 0.000374 6105.3
300033 0.000377 6064.9
301057 0.010485 219.1
302081 0.002717 848.3
303105 0.000380 6080.3
304129 0.000379 6121.2
305153 0.000378 6153.9
306177 0.000379 6157.7
307201 0.000380 6163.0
308225 0.000381 6171.8
309249 0.000381 6197.3
310273 0.000379 6247.2
311297 0.000381 6233.5
312321 0.000399 5979.3
313345 0.000385 6215.0
314369 0.000382 6271.5
315393 0.000384 6268.1
316417 0.000385 6262.9
317441 0.000385 6287.1
318465 0.000387 6278.1
319489 0.000388 6284.2
320513 0.003489 700.9
321537 0.009474 258.9
322561 0.000401 6144.2
323585 0.000395 6244.9
324609 0.000396 6251.6
325633 0.000401 6199.2
326657 0.000398 6254.0
327681 0.000401 6238.6
328705 0.000398 6299.9
329729 0.000398 6314.8
330753 0.000397 6352.1
331777 0.000398 6356.6
332801 0.000400 6346.2
333825 0.000401 6347.7
334849 0.000400 6382.7
335873 0.000399 6428.2
336897 0.000399 6435.7
337921 0.000401 6427.7
338945 0.000403 6410.4
339969 0.013047 198.8
340993 0.000408 6378.4
342017 0.000402 6488.9
343041 0.000404 6473.7
344065 0.000404 6503.5
345089 0.000401 6568.7
346113 0.000403 6554.8
347137 0.000402 6589.5
348161 0.000405 6565.2
349185 0.000403 6615.3
350209 0.000404 6609.7
351233 0.000404 6635.8
352257 0.000405 6641.3
353281 0.000403 6695.2
354305 0.000403 6708.2
355329 0.000407 6667.6
356353 0.000406 6698.2
357377 0.000407 6700.1
358401 0.013046 209.6
359425 0.000412 6663.2
360449 0.000410 6703.3
361473 0.000410 6729.3
362497 0.000411 6736.1
363521 0.000410 6762.4
364545 0.000410 6779.6
365569 0.000409 6822.7
366593 0.000409 6840.7
367617 0.000410 6846.9
368641 0.000408 6899.4
369665 0.000408 6912.9
370689 0.000408 6938.2
371713 0.000408 6953.8
372737 0.000409 6955.4
373761 0.000409 6970.1
374785 0.000414 6913.9
375809 0.000413 6938.6
376833 0.013048 220.3
377857 0.000417 6905.8
378881 0.000414 6988.9
379905 0.000413 7014.9
380929 0.000415 7005.0
381953 0.000415 7024.3
382977 0.000415 7042.3
384001 0.000416 7040.2
385025 0.000420 6999.2
386049 0.000462 6381.6
387073 0.000462 6396.1
388097 0.000460 6430.1
389121 0.000462 6422.7
390145 0.000462 6443.1
391169 0.000477 6256.3
392193 0.000467 6408.2
393217 0.000468 6413.1
394241 0.013070 230.1
395265 0.000479 6290.1
396289 0.000474 6380.8
397313 0.000473 6406.1
398337 0.000472 6435.2
399361 0.000470 6479.3
