1 0.000027 0.3
257 0.000026 76.4
513 0.000025 157.2
769 0.000034 175.1
1025 0.000026 299.7
1281 0.000027 366.6
1537 0.000023 519.5
1793 0.000029 478.2
2049 0.000025 614.9
2305 0.000030 581.9
2561 0.000039 501.1
2817 0.000022 997.2
3073 0.000021 1127.2
3329 0.000044 578.5
3585 0.000021 1294.1
3841 0.000021 1409.2
4097 0.000052 603.9
4353 0.000022 1526.5
4609 0.000020 1718.0
4865 0.000020 1815.3
5121 0.000022 1814.3
5377 0.000020 2053.5
5633 0.000015 2956.0
5889 0.000047 959.2
6145 0.000014 3318.3
6401 0.000017 2957.9
6657 0.000015 3455.4
6913 0.000016 3372.7
7169 0.000017 3248.9
7425 0.000016 3494.1
7681 0.000037 1564.7
7937 0.000017 3584.3
8193 0.000017 3609.3
8449 0.000056 1149.9
8705 0.000020 3315.4
8961 0.000021 3330.5
9217 0.000042 1683.6
9473 0.000020 3535.5
9729 0.000023 3186.2
9985 0.000026 2920.7
10241 0.000021 3697.9
10497 0.000026 3114.0
10753 0.000022 3720.0
11009 0.000024 3518.3
11265 0.000037 2331.8
11521 0.000027 3302.9
11777 0.000026 3403.1
12033 0.000025 3715.0
12289 0.000027 3448.9
12545 0.000027 3518.3
12801 0.000045 2174.3
13057 0.000028 3497.9
13313 0.000031 3314.3
13569 0.000064 1613.0
13825 0.000032 3255.8
14081 0.000028 3795.1
14337 0.000034 3241.1
14593 0.000029 3825.8
14849 0.000059 1912.8
15105 0.000035 3329.4
15361 0.000034 3407.9
15617 0.000067 1768.6
15873 0.000031 3850.6
16129 0.000047 2642.7
16385 0.000036 3444.7
16641 0.000038 3373.1
16897 0.000038 3406.0
17153 0.000037 3546.8
17409 0.000045 2939.2
17665 0.000035 3821.3
17921 0.000057 2404.0
18177 0.000039 3551.5
18433 0.000035 3995.8
18689 0.000040 3543.8
18945 0.000041 3531.4
19201 0.000045 3253.9
19457 0.000037 3990.7
19713 0.000085 1759.5
19969 0.000041 3701.2
20225 0.000078 1980.1
20481 0.000042 3702.2
20737 0.000067 2350.3
20993 0.000042 3811.5
21249 0.000067 2414.2
21505 0.000043 3791.3
21761 0.000042 3994.9
22017 0.000066 2539.5
22273 0.000041 4123.0
22529 0.000177 971.9
22785 0.000047 3661.0
23041 0.000061 2899.8
23297 0.000044 4079.4
23553 0.000187 960.5
23809 0.000046 3946.4
24065 0.000117 1572.0
24321 0.000043 4301.3
24577 0.000155 1209.6
24833 0.000043 4444.6
25089 0.000043 4413.7
25345 0.000043 4454.1
25601 0.000043 4535.7
25857 0.000079 2482.1
26113 0.000046 4347.6
26369 0.000049 4093.2
26625 0.000046 4390.2
26881 0.000086 2395.7
27137 0.000558 371.1
27393 0.000603 346.8
27649 0.000461 457.3
27905 0.000971 219.3
28161 0.002460 87.3
28417 0.001914 113.2
28673 0.002201 99.4
28929 0.001214 181.7
29185 0.000050 4424.1
29441 0.000047 4784.7
29697 0.000042 5358.4
29953 0.000050 4554.7
30209 0.000052 4408.7
30465 0.000046 5044.9
30721 0.000051 4577.5
30977 0.000046 5175.0
31233 0.000047 5053.6
31489 0.000051 4741.4
31745 0.000051 4766.3
32001 0.000044 5572.7
32257 0.000044 5604.4
32513 0.000045 5503.7
32769 0.000054 4624.7
33025 0.000046 5462.3
33281 0.000044 5802.2
33537 0.000050 5134.1
33793 0.000048 5395.8
34049 0.000048 5457.9
34305 0.000048 5460.7
34561 0.000050 5266.9
34817 0.000051 5204.6
35073 0.000050 5334.8
35329 0.000053 5074.6
35585 0.000054 5032.6
35841 0.000058 4705.5
36097 0.000050 5541.4
36353 0.000053 5214.5
36609 0.000052 5355.1
36865 0.000050 5574.0
37121 0.000058 4846.5
37377 0.000055 5207.3
37633 0.000053 5393.0
37889 0.000055 5289.2
38145 0.000057 5138.7
38401 0.000053 5511.0
38657 0.000056 5224.6
38913 0.000052 5748.4
39169 0.000053 5635.8
39425 0.000056 5411.8
39681 0.000052 5774.9
39937 0.000057 5377.1
40193 0.000051 5984.7
40449 0.000053 5777.4
40705 0.000054 5736.4
40961 0.000052 6041.2
41217 0.000052 6041.6
41473 0.000055 5739.7
41729 0.000056 5728.6
41985 0.000055 5802.8
42241 0.000055 5834.9
42497 0.000060 5440.7
42753 0.000065 5016.1
43009 0.000054 6021.0
43265 0.000053 6177.1
43521 0.000061 5470.9
43777 0.000057 5849.9
44033 0.000059 5734.2
44289 0.000063 5322.6
44545 0.000056 6074.2
44801 0.000059 5798.5
45057 0.000058 5978.2
45313 0.000062 5553.1
45569 0.000056 6173.4
45825 0.000063 5508.0
46081 0.000063 5541.9
46337 0.000058 6053.2
46593 0.000062 5706.0
46849 0.000074 4834.3
47105 0.000063 5737.5
47361 0.000062 5863.8
47617 0.000062 5896.2
47873 0.000061 5975.7
48129 0.000062 5886.2
48385 0.000063 5896.8
48641 0.000062 6027.2
48897 0.000062 5976.7
49153 0.000067 5625.1
49409 0.000065 5786.0
49665 0.000062 6141.9
49921 0.000061 6258.0
50177 0.000065 5914.5
50433 0.000063 6096.9
50689 0.000062 6213.1
50945 0.000062 6240.6
51201 0.000064 6108.5
51457 0.000067 5891.5
51713 0.000067 5919.8
51969 0.000064 6235.0
52225 0.000066 5995.8
52481 0.000067 5956.6
52737 0.000066 6099.4
52993 0.000070 5813.2
53249 0.000096 4245.0
53505 0.000067 6106.6
53761 0.000067 6153.3
54017 0.000068 6034.8
54273 0.000067 6159.3
54529 0.000065 6363.2
54785 0.000066 6359.5
55041 0.000066 6367.5
55297 0.000070 6060.4
55553 0.000069 6179.0
55809 0.000066 6408.4
56065 0.000069 6168.8
56321 0.000066 6473.2
56577 0.000069 6223.2
56833 0.000074 5877.1
57089 0.000069 6357.1
57345 0.000067 6570.8
57601 0.000071 6157.4
57857 0.000071 6225.8
58113 0.000070 6371.6
58369 0.000073 6071.4
58625 0.000072 6240.9
58881 0.000611 735.5
59137 0.004060 111.1
59393 0.005221 86.8
59649 0.001888 241.0
59905 0.000074 6145.9
60161 0.000074 6227.2
60417 0.000075 6141.1
60673 0.000076 6105.8
60929 0.000072 6426.7
61185 0.000075 6200.9
61441 0.000073 6425.8
61697 0.000077 6078.9
61953 0.000075 6316.7
62209 0.000075 6340.8
62465 0.000075 6353.9
62721 0.000072 6607.4
62977 0.000073 6561.0
63233 0.000075 6451.3
63489 0.000075 6461.8
63745 0.000079 6164.0
64001 0.000074 6594.0
64257 0.000078 6295.5
64513 0.000074 6636.7
64769 0.000079 6289.2
65025 0.000077 6445.1
65281 0.000078 6383.7
65537 0.000078 6382.0
65793 0.000079 6363.2
66049 0.000076 6638.9
66305 0.000084 6012.7
66561 0.000080 6332.9
66817 0.000080 6365.2
67073 0.000080 6367.2
67329 0.000078 6589.0
67585 0.000079 6518.1
67841 0.000081 6365.4
68097 0.000081 6414.8
68353 0.000082 6373.4
68609 0.000083 6309.2
68865 0.000083 6344.3
69121 0.000078 6754.6
69377 0.000081 6534.0
69633 0.000083 6412.2
69889 0.000083 6430.5
70145 0.000081 6604.8
70401 0.000083 6433.4
70657 0.000081 6629.2
70913 0.000082 6557.9
71169 0.000083 6531.1
71425 0.000084 6519.1
71681 0.000083 6597.4
71937 0.000085 6479.9
72193 0.000084 6580.8
72449 0.000084 6543.5
72705 0.000083 6652.6
72961 0.000085 6539.2
73217 0.000086 6477.8
73473 0.000084 6642.4
73729 0.000084 6665.1
73985 0.000088 6411.5
74241 0.000086 6600.3
74497 0.000086 6573.7
74753 0.000086 6644.9
75009 0.000087 6554.0
75265 0.000088 6549.8
75521 0.000085 6751.0
75777 0.000088 6592.3
76033 0.000089 6497.7
76289 0.000088 6620.3
76545 0.000089 6584.5
76801 0.000091 6454.9
77057 0.000089 6585.0
77313 0.000089 6638.4
77569 0.000089 6680.3
77825 0.000089 6653.1
78081 0.000088 6793.7
78337 0.000092 6514.7
78593 0.000093 6425.4
78849 0.000090 6709.3
79105 0.000090 6712.3
79361 0.000091 6650.3
79617 0.000091 6651.9
79873 0.000093 6544.6
80129 0.000091 6718.7
80385 0.000093 6589.8
80641 0.000092 6684.4
80897 0.000092 6702.8
81153 0.000092 6696.0
81409 0.000095 6572.0
81665 0.001227 507.9
81921 0.006761 92.4
82177 0.003912 160.3
82433 0.000098 6447.0
82689 0.000094 6744.1
82945 0.000094 6724.7
83201 0.000093 6831.7
83457 0.000094 6760.9
83713 0.000095 6755.3
83969 0.000097 6612.7
84225 0.000096 6695.2
84481 0.000092 6981.9
84737 0.000095 6796.5
84993 0.000095 6799.4
85249 0.000098 6634.2
85505 0.000097 6750.6
85761 0.000097 6739.6
86017 0.000099 6648.3
86273 0.000097 6752.1
86529 0.000100 6586.9
86785 0.000099 6688.0
87041 0.000098 6802.1
87297 0.000097 6891.9
87553 0.000101 6592.7
87809 0.000099 6752.3
88065 0.000099 6787.3
88321 0.000103 6534.1
88577 0.000101 6723.1
88833 0.000102 6650.4
89089 0.000101 6760.2
89345 0.000098 6934.4
89601 0.000103 6642.0
89857 0.000103 6687.5
90113 0.000102 6712.0
90369 0.000103 6699.7
90625 0.000102 6770.0
90881 0.000105 6600.5
91137 0.000101 6899.4
91393 0.000103 6779.4
91649 0.000106 6620.8
91905 0.000106 6642.8
92161 0.000105 6727.8
92417 0.000103 6878.8
92673 0.000105 6747.2
92929 0.000105 6753.6
93185 0.000106 6714.5
93441 0.000106 6715.6
93697 0.000106 6769.2
93953 0.000106 6776.6
94209 0.000106 6762.1
94465 0.000106 6775.2
94721 0.000106 6815.1
94977 0.000108 6691.6
95233 0.000107 6771.7
95489 0.000105 6905.6
95745 0.000106 6883.2
96001 0.000109 6698.1
96257 0.000108 6807.0
96513 0.000109 6729.9
96769 0.000108 6841.8
97025 0.000109 6809.5
97281 0.000110 6753.9
97537 0.000108 6899.0
97793 0.000110 6798.7
98049 0.000110 6829.9
98305 0.000110 6788.4
98561 0.000109 6891.8
98817 0.000109 6926.9
99073 0.000112 6768.4
99329 0.000112 6781.1
99585 0.000112 6767.4
99841 0.000112 6799.1
100097 0.001747 437.2
100353 0.008481 90.3
100609 0.001986 386.5
100865 0.000113 6782.6
101121 0.000118 6560.0
101377 0.000116 6690.9
101633 0.000115 6743.5
101889 0.000114 6841.3
102145 0.000112 6969.8
102401 0.000115 6784.2
102657 0.000115 6786.8
102913 0.000116 6761.4
103169 0.000115 6855.5
103425 0.000114 6931.2
103681 0.000118 6689.4
103937 0.000116 6856.0
104193 0.000115 6915.2
104449 0.000116 6850.7
104705 0.000147 5443.3
104961 0.000116 6917.7
105217 0.000119 6736.6
105473 0.000117 6854.0
105729 0.000118 6818.1
105985 0.000117 6882.3
106241 0.000115 7017.8
106497 0.000118 6862.2
106753 0.000122 6655.6
107009 0.000119 6843.1
107265 0.000120 6801.4
107521 0.000119 6910.1
107777 0.000118 6964.2
108033 0.000117 7048.5
108289 0.000120 6876.6
108545 0.000121 6858.8
108801 0.000119 6985.1
109057 0.000119 6982.7
109313 0.000117 7125.0
109569 0.000121 6892.1
109825 0.000118 7099.2
110081 0.000118 7141.6
110337 0.000121 6984.5
110593 0.000122 6919.9
110849 0.000120 7024.4
111105 0.000121 6988.3
111361 0.000148 5753.2
111617 0.000120 7107.7
111873 0.000126 6800.7
112129 0.000122 7010.5
112385 0.000124 6927.9
112641 0.000123 6972.7
112897 0.000125 6914.5
113153 0.000127 6784.3
113409 0.000140 6199.2
113665 0.000124 6978.4
113921 0.000122 7126.3
114177 0.000124 7033.7
114433 0.000120 7270.2
114689 0.000136 6413.1
114945 0.000122 7165.4
115201 0.000124 7077.6
115457 0.000124 7114.2
115713 0.000163 5421.6
115969 0.001446 611.8
116225 0.008841 100.3
116481 0.002023 439.2
116737 0.000127 6986.4
116993 0.000127 7013.2
117249 0.000126 7108.8
117505 0.000129 6974.0
117761 0.000128 7010.1
118017 0.000128 7042.5
118273 0.000128 7032.7
118529 0.000127 7128.0
118785 0.000128 7081.1
119041 0.000128 7120.9
119297 0.000129 7064.2
119553 0.000129 7081.2
119809 0.000131 6995.4
120065 0.000130 7032.7
120321 0.000128 7149.3
120577 0.000130 7056.1
120833 0.000132 7003.0
121089 0.000133 6966.5
121345 0.000131 7070.4
121601 0.000133 6968.4
121857 0.000131 7117.0
122113 0.000130 7186.6
122369 0.000133 7037.5
122625 0.000131 7158.2
122881 0.000133 7045.2
123137 0.000132 7134.0
123393 0.000132 7155.6
123649 0.000132 7131.6
123905 0.000132 7138.8
124161 0.000134 7094.3
124417 0.000131 7223.0
124673 0.000133 7135.8
124929 0.000135 7084.7
125185 0.000132 7213.5
125441 0.000134 7163.7
125697 0.000132 7255.9
125953 0.000152 6307.5
126209 0.000134 7207.1
126465 0.000133 7249.0
126721 0.000134 7197.8
126977 0.000133 7264.4
127233 0.000135 7211.3
127489 0.000135 7198.7
127745 0.000135 7219.9
128001 0.000136 7164.9
128257 0.000134 7289.5
128513 0.000135 7272.6
128769 0.000134 7307.7
129025 0.000136 7253.3
129281 0.000135 7290.4
129537 0.000140 7065.6
129793 0.000139 7110.2
130049 0.000139 7135.9
130305 0.000139 7138.5
130561 0.002188 455.2
130817 0.010199 97.9
131073 0.000221 4515.8
131329 0.000220 4549.6
131585 0.000219 4586.1
131841 0.000215 4676.0
132097 0.000218 4629.9
132353 0.000219 4606.5
132609 0.000217 4666.0
132865 0.000216 4697.6
133121 0.000212 4800.2
133377 0.000212 4807.1
133633 0.000214 4760.3
133889 0.000213 4794.3
134145 0.000211 4841.2
134401 0.000212 4837.7
134657 0.000213 4824.9
134913 0.000214 4818.9
135169 0.000211 4893.1
135425 0.000215 4806.9
135681 0.000213 4859.7
135937 0.000213 4869.4
136193 0.000213 4867.5
136449 0.000214 4868.8
136705 0.000218 4792.9
136961 0.000212 4935.7
137217 0.000216 4845.5
137473 0.000214 4892.8
137729 0.000218 4809.4
137985 0.000220 4780.7
138241 0.000215 4906.6
138497 0.000221 4786.4
138753 0.000219 4831.4
139009 0.000221 4806.1
139265 0.000219 4842.4
139521 0.000221 4823.6
139777 0.002611 408.4
140033 0.009923 107.7
140289 0.000259 4139.8
140545 0.000227 4723.9
140801 0.000225 4773.0
141057 0.000219 4904.6
141313 0.000219 4919.7
141569 0.000219 4929.5
141825 0.000220 4908.7
142081 0.000223 4862.1
142337 0.000220 4941.6
142593 0.000221 4917.0
142849 0.000226 4830.6
143105 0.000225 4847.4
143361 0.000220 4978.5
143617 0.000222 4946.5
143873 0.000223 4919.2
144129 0.000221 4971.2
144385 0.000227 4859.9
144641 0.000221 4996.6
144897 0.000227 4872.3
145153 0.000225 4920.1
145409 0.000223 4976.3
145665 0.000223 4977.3
145921 0.000223 4989.2
146177 0.000224 4970.6
146433 0.000222 5033.2
146689 0.000229 4880.3
146945 0.000224 5010.9
147201 0.000226 4975.8
147457 0.000226 4987.4
147713 0.000222 5065.1
147969 0.000226 5005.8
148225 0.000225 5022.0
148481 0.000224 5062.2
148737 0.012535 90.5
148993 0.000220 5166.8
149249 0.000227 5024.1
149505 0.000226 5045.7
149761 0.000225 5078.0
