1 0.000027 0.3
1025 0.000027 290.2
2049 0.000028 551.0
3073 0.000028 828.9
4097 0.000022 1420.3
5121 0.000022 1742.4
6145 0.000020 2298.8
7169 0.000018 3116.5
8193 0.000022 2779.3
9217 0.000024 2953.6
10241 0.000024 3212.2
11265 0.000027 3139.2
12289 0.000030 3143.2
13313 0.000035 2938.4
14337 0.000034 3184.7
15361 0.000035 3363.3
16385 0.000036 3433.7
17409 0.000035 3821.2
18433 0.000040 3521.1
19457 0.000037 4051.2
20481 0.000040 3861.4
21505 0.000042 3886.6
22529 0.000046 3716.3
23553 0.000048 3730.1
24577 0.000042 4414.6
25601 0.000045 4357.2
26625 0.000048 4242.8
27649 0.000050 4243.1
28673 0.000049 4500.8
29697 0.000051 4436.9
30721 0.000056 4151.5
31745 0.000056 4298.4
32769 0.000053 4689.0
33793 0.000056 4586.2
34817 0.000054 4929.6
35841 0.000058 4755.2
36865 0.000054 5222.6
37889 0.000056 5208.1
38913 0.000056 5275.9
39937 0.000058 5218.8
40961 0.000060 5231.3
41985 0.000062 5140.5
43009 0.000059 5563.0
44033 0.000062 5392.1
45057 0.000060 5688.3
46081 0.000069 5097.8
47105 0.000067 5360.1
48129 0.000068 5412.9
49153 0.000067 5590.1
50177 0.000071 5408.5
51201 0.000068 5782.0
52225 0.000072 5515.5
53249 0.000071 5726.9
54273 0.000068 6103.4
55297 0.000070 6014.0
56321 0.000073 5869.1
57345 0.000070 6238.4
58369 0.000077 5816.2
59393 0.000072 6270.0
60417 0.000075 6137.4
61441 0.000076 6154.1
62465 0.000077 6206.5
63489 0.000081 5997.0
64513 0.000081 6113.0
65537 0.000080 6215.7
66561 0.000082 6160.4
67585 0.000083 6187.5
68609 0.000085 6184.0
69633 0.000087 6137.3
70657 0.000088 6109.7
71681 0.000086 6357.0
72705 0.000087 6388.8
73729 0.000090 6277.1
74753 0.000091 6261.0
75777 0.000093 6230.1
76801 0.000091 6436.0
77825 0.000092 6438.5
78849 0.000094 6387.0
79873 0.000094 6465.3
80897 0.000097 6341.6
81921 0.000096 6506.3
82945 0.000098 6485.6
83969 0.000097 6635.6
84993 0.000100 6468.9
86017 0.000099 6600.5
87041 0.000101 6588.1
88065 0.000105 6401.1
89089 0.000104 6545.7
90113 0.000103 6646.9
91137 0.000107 6503.1
92161 0.000111 6353.6
93185 0.000108 6577.4
94209 0.000110 6509.4
95233 0.000111 6520.4
96257 0.000113 6479.8
97281 0.000112 6654.7
98305 0.000115 6495.7
99329 0.000115 6587.9
100353 0.000116 6612.5
101377 0.000119 6523.2
102401 0.000119 6555.2
103425 0.000118 6671.0
104449 0.004820 165.3
105473 0.007917 101.6
106497 0.000125 6502.6
107521 0.000123 6679.2
108545 0.000125 6602.0
109569 0.000125 6706.7
110593 0.000123 6852.5
111617 0.000127 6720.2
112641 0.000126 6821.7
113665 0.000127 6827.9
114689 0.000131 6673.8
115713 0.000129 6840.6
116737 0.000132 6751.5
117761 0.000130 6933.9
118785 0.000134 6780.7
119809 0.000135 6763.0
120833 0.000134 6864.7
121857 0.000139 6680.2
122881 0.000136 6914.8
123905 0.000137 6889.2
124929 0.000138 6931.7
125953 0.000139 6908.3
126977 0.000140 6943.4
128001 0.000139 7007.0
129025 0.000142 6927.7
130049 0.000143 6918.9
131073 0.000215 4652.2
132097 0.000215 4692.7
133121 0.000212 4781.1
134145 0.000218 4703.1
135169 0.000217 4748.0
136193 0.000220 4732.7
137217 0.000218 4797.3
138241 0.000220 4790.0
139265 0.000221 4807.7
140289 0.000218 4903.7
141313 0.000220 4896.1
142337 0.000222 4899.1
143361 0.000223 4895.8
144385 0.000221 4985.7
145409 0.000224 4961.5
146433 0.000224 4983.7
147457 0.000223 5034.9
148481 0.011791 96.1
149505 0.001265 901.9
150529 0.000242 4750.0
151553 0.000236 4893.5
152577 0.000230 5056.2
153601 0.000230 5090.1
154625 0.000231 5099.3
155649 0.000235 5056.9
156673 0.000234 5111.7
157697 0.000234 5144.5
158721 0.000233 5193.9
159745 0.000236 5170.6
160769 0.000236 5193.0
161793 0.000246 5023.2
162817 0.000253 4901.4
163841 0.000263 4746.6
164865 0.000264 4756.4
165889 0.000265 4774.8
166913 0.000264 4817.9
167937 0.000267 4802.9
168961 0.000260 4953.6
169985 0.000260 4981.8
171009 0.000271 4822.2
172033 0.000268 4899.7
173057 0.000272 4853.9
174081 0.000278 4778.0
175105 0.000270 4942.7
176129 0.000269 4996.8
177153 0.000269 5022.7
178177 0.012955 104.9
179201 0.000294 4645.4
180225 0.000293 4697.3
181249 0.000291 4745.2
182273 0.000294 4730.8
183297 0.000296 4717.2
184321 0.000294 4776.0
185345 0.000295 4797.3
186369 0.000295 4822.6
187393 0.000294 4855.7
188417 0.000295 4873.1
189441 0.000294 4913.6
190465 0.000294 4938.4
191489 0.000296 4943.6
192513 0.000295 4973.6
193537 0.000301 4912.8
194561 0.000299 4969.4
195585 0.000297 5022.0
196609 0.000296 5064.4
197633 0.000294 5131.2
198657 0.000297 5103.9
199681 0.000295 5171.9
200705 0.000296 5168.4
201729 0.000299 5139.1
202753 0.000785 1969.8
203777 0.012353 125.9
204801 0.000298 5238.8
205825 0.000298 5276.9
206849 0.000296 5326.6
207873 0.000297 5342.1
208897 0.000298 5350.2
209921 0.000299 5355.4
210945 0.000297 5419.1
211969 0.000296 5463.5
212993 0.000296 5490.9
214017 0.000298 5475.9
215041 0.000300 5475.0
216065 0.000301 5477.7
217089 0.000299 5541.5
218113 0.000300 5553.7
219137 0.000302 5529.8
220161 0.000303 5551.9
221185 0.000304 5558.7
222209 0.000301 5634.1
223233 0.000302 5641.8
224257 0.000302 5663.3
225281 0.000302 5682.5
226305 0.000302 5716.4
227329 0.000302 5747.9
228353 0.005157 337.9
229377 0.008100 216.0
230401 0.000677 2595.8
231425 0.000616 2867.2
232449 0.000460 3856.0
233473 0.000342 5208.0
234497 0.000444 4025.8
235521 0.000356 5045.9
236545 0.000510 3537.5
237569 0.000465 3894.6
238593 0.000506 3598.0
239617 0.000366 4990.6
240641 0.000362 5065.3
241665 0.000520 3546.3
242689 0.000510 3627.1
243713 0.011811 157.4
244737 0.001493 1250.3
245761 0.000526 3561.4
246785 0.000314 5999.6
247809 0.000308 6139.1
248833 0.000306 6208.9
249857 0.000306 6222.2
250881 0.000299 6409.0
251905 0.000297 6466.0
252929 0.000300 6424.9
253953 0.000312 6208.7
254977 0.000315 6169.2
256001 0.000313 6244.3
257025 0.000321 6107.8
258049 0.000326 6039.3
259073 0.000364 5433.7
260097 0.000366 5422.5
261121 0.000368 5412.3
262145 0.000363 5514.2
263169 0.000365 5497.9
264193 0.000362 5562.2
265217 0.002111 958.7
266241 0.011214 181.1
267265 0.000369 5518.8
268289 0.000368 5558.4
269313 0.000366 5613.8
270337 0.000366 5641.3
271361 0.000368 5630.0
272385 0.000367 5662.7
273409 0.000370 5639.4
274433 0.000368 5696.7
275457 0.000369 5698.8
276481 0.000370 5705.1
277505 0.000368 5746.3
278529 0.000370 5737.2
279553 0.000376 5676.1
280577 0.000371 5771.2
281601 0.000372 5767.7
282625 0.000375 5744.6
283649 0.000372 5815.8
284673 0.000372 5833.0
285697 0.008866 245.8
286721 0.004204 520.4
287745 0.000383 5731.5
288769 0.000382 5765.8
289793 0.000382 5783.7
290817 0.000376 5894.5
291841 0.000377 5907.1
292865 0.000377 5928.7
293889 0.000378 5934.2
294913 0.000382 5897.7
295937 0.000394 5728.5
296961 0.000381 5950.6
297985 0.000384 5915.4
299009 0.000383 5953.1
300033 0.000386 5923.3
301057 0.000384 5982.8
302081 0.000385 5983.4
303105 0.000386 5992.5
304129 0.000389 5970.4
305153 0.002130 1093.1
306177 0.011267 207.3
307201 0.000393 5970.8
308225 0.000388 6064.3
309249 0.000386 6114.7
310273 0.000388 6107.9
311297 0.000389 6101.4
312321 0.000387 6155.8
313345 0.000390 6126.0
314369 0.000389 6168.6
315393 0.000391 6147.7
316417 0.000391 6174.4
317441 0.000393 6165.6
318465 0.000390 6230.6
319489 0.000396 6148.9
320513 0.000400 6113.1
321537 0.000404 6065.7
322561 0.000402 6124.6
323585 0.000402 6142.3
324609 0.013069 189.5
325633 0.000411 6046.3
326657 0.000410 6072.2
327681 0.000419 5966.1
328705 0.000403 6224.7
329729 0.000402 6261.2
330753 0.000405 6226.0
331777 0.000404 6268.0
332801 0.000405 6267.2
333825 0.000406 6266.5
334849 0.000418 6113.0
335873 0.000406 6307.5
336897 0.000407 6309.4
337921 0.000408 6321.6
338945 0.000409 6318.3
339969 0.000413 6276.0
340993 0.000407 6386.6
342017 0.000409 6382.4
343041 0.013070 200.2
344065 0.000418 6285.5
345089 0.000415 6340.5
346113 0.000435 6068.9
347137 0.000409 6468.5
348161 0.000411 6469.1
349185 0.000412 6461.1
350209 0.000409 6525.1
351233 0.000414 6477.1
352257 0.000413 6505.0
353281 0.000413 6529.3
354305 0.000412 6567.6
355329 0.000418 6484.7
356353 0.000415 6550.2
357377 0.000414 6591.0
358401 0.000414 6608.6
359425 0.000422 6497.4
360449 0.000415 6619.3
361473 0.013083 210.8
362497 0.000422 6553.7
363521 0.000416 6660.9
364545 0.000420 6620.4
365569 0.000421 6621.4
366593 0.000420 6655.5
367617 0.000418 6708.1
368641 0.000418 6721.5
369665 0.000424 6651.8
370689 0.000418 6758.5
371713 0.000423 6707.1
372737 0.000419 6780.0
373761 0.000424 6730.3
374785 0.000420 6807.6
375809 0.000417 6869.0
376833 0.000418 6873.4
377857 0.000424 6797.7
378881 0.013052 221.5
379905 0.000426 6805.1
380929 0.000427 6806.6
381953 0.000425 6864.2
382977 0.000424 6898.9
384001 0.000424 6916.9
385025 0.000435 6754.6
386049 0.000472 6240.3
387073 0.000472 6254.4
388097 0.000472 6277.5
389121 0.000471 6300.0
390145 0.000480 6204.2
391169 0.000480 6220.4
392193 0.000477 6275.3
393217 0.000474 6331.0
394241 0.000477 6300.8
395265 0.011749 256.7
396289 0.001585 1907.1
397313 0.000480 6315.9
398337 0.000490 6204.0
399361 0.000480 6346.6
400385 0.000478 6384.6
401409 0.000481 6365.2
402433 0.000480 6394.4
403457 0.000483 6374.2
404481 0.000486 6351.2
405505 0.000487 6346.6
406529 0.000488 6353.9
407553 0.000484 6418.9
408577 0.000483 6460.2
409601 0.000483 6476.5
410625 0.005347 585.9
411649 0.007828 401.2
412673 0.000495 6363.7
413697 0.000489 6449.5
414721 0.000487 6498.2
415745 0.000488 6504.5
416769 0.000485 6558.4
417793 0.000493 6466.1
418817 0.000513 6231.1
419841 0.000495 6469.6
420865 0.000495 6484.7
421889 0.000494 6512.3
422913 0.000496 6506.1
423937 0.000495 6531.7
424961 0.000492 6591.6
425985 0.007753 419.2
427009 0.005424 600.6
428033 0.000500 6530.2
429057 0.000493 6640.1
430081 0.000498 6589.6
431105 0.000497 6618.4
432129 0.000496 6646.9
433153 0.000500 6610.1
434177 0.000502 6604.8
435201 0.000501 6626.3
436225 0.000502 6623.4
437249 0.000501 6663.5
438273 0.000503 6644.8
439297 0.000503 6661.0
440321 0.000501 6701.2
441345 0.013123 256.6
442369 0.000513 6578.3
443393 0.000506 6689.7
444417 0.000503 6739.4
445441 0.000501 6778.6
446465 0.000504 6759.2
447489 0.000503 6782.8
448513 0.000511 6700.3
449537 0.000516 6644.2
450561 0.000517 6646.9
451585 0.000517 6662.7
452609 0.000516 6689.3
453633 0.000512 6759.5
454657 0.000512 6776.0
455681 0.002183 1592.5
456705 0.011466 303.9
457729 0.000519 6723.9
458753 0.000517 6767.2
459777 0.000515 6813.8
460801 0.000514 6835.5
461825 0.000517 6812.5
462849 0.000517 6834.8
463873 0.000517 6840.1
464897 0.000521 6812.7
465921 0.000521 6828.3
466945 0.000523 6810.9
467969 0.000519 6878.2
468993 0.000519 6890.1
470017 0.000522 6869.8
471041 0.013195 272.4
472065 0.000528 6825.6
473089 0.000525 6869.2
474113 0.000526 6879.9
475137 0.000527 6883.8
476161 0.000528 6880.5
477185 0.000526 6920.0
478209 0.000550 6639.2
479233 0.000530 6892.7
480257 0.000531 6905.5
481281 0.000531 6920.8
482305 0.000528 6973.2
483329 0.000528 6978.1
484353 0.003797 973.3
485377 0.009617 385.1
486401 0.000534 6954.0
487425 0.000532 6988.4
488449 0.000531 7011.5
489473 0.000529 7062.7
490497 0.000530 7056.2
491521 0.000533 7038.1
492545 0.000532 7058.7
493569 0.000532 7075.6
494593 0.000533 7078.2
495617 0.000532 7112.7
496641 0.000532 7116.8
497665 0.000530 7164.8
498689 0.013150 289.3
499713 0.000542 7036.0
500737 0.000531 7192.4
501761 0.000529 7234.2
502785 0.000531 7217.6
503809 0.000537 7161.9
504833 0.000529 7285.0
505857 0.000533 7234.6
506881 0.000535 7222.3
507905 0.000533 7269.7
508929 0.000536 7241.7
509953 0.000540 7203.4
510977 0.000535 7282.1
512001 0.000546 7159.9
513025 0.013163 297.4
514049 0.000595 6595.4
515073 0.000588 6685.2
516097 0.000583 6755.8
517121 0.000586 6738.2
518145 0.000587 6730.7
519169 0.000598 6625.6
520193 0.000591 6710.1
521217 0.000591 6733.0
522241 0.000591 6738.0
523265 0.000594 6716.9
524289 0.000587 6813.8
525313 0.002532 1582.8
526337 0.011209 358.3
527361 0.000608 6617.3
528385 0.000592 6806.6
529409 0.000593 6816.5
530433 0.000594 6812.7
531457 0.000596 6807.8
532481 0.000596 6815.9
533505 0.000596 6827.7
534529 0.000599 6803.4
535553 0.000597 6839.0
536577 0.000597 6860.2
537601 0.000601 6820.6
538625 0.013216 310.9
539649 0.000812 5071.8
540673 0.001222 3375.7
541697 0.001061 3896.7
542721 0.001301 3182.8
543745 0.001282 3234.7
544769 0.001098 3786.3
545793 0.013093 318.0
546817 0.000768 5435.6
547841 0.000918 4555.2
548865 0.001033 4053.0
549889 0.000722 5808.2
550913 0.000752 5592.4
551937 0.000820 5137.4
552961 0.000941 4484.9
553985 0.000613 6898.8
555009 0.011777 359.5
556033 0.001801 2355.6
557057 0.000609 6973.8
558081 0.000608 7004.5
559105 0.000607 7023.9
560129 0.000612 6985.1
561153 0.000621 6889.2
562177 0.000612 7007.0
563201 0.000613 7005.5
564225 0.000610 7060.4
565249 0.000612 7047.7
566273 0.000680 6355.7
567297 0.010841 399.2
568321 0.002685 1615.0
569345 0.000618 7031.0
570369 0.000615 7073.1
571393 0.000618 7057.6
572417 0.000617 7080.9
573441 0.000618 7074.5
574465 0.000618 7096.5
575489 0.000621 7072.7
576513 0.000625 7032.8
577537 0.000623 7072.7
578561 0.000621 7104.4
579585 0.011110 398.0
580609 0.002442 1813.9
581633 0.000627 7081.3
582657 0.000628 7081.3
583681 0.000632 7046.5
584705 0.000629 7094.4
585729 0.000628 7121.5
586753 0.000635 7051.0
587777 0.000635 7061.0
588801 0.000632 7110.8
589825 0.000627 7180.6
590849 0.000632 7127.4
591873 0.013218 341.6
592897 0.000644 7022.5
593921 0.000636 7122.8
594945 0.000626 7250.6
595969 0.000629 7227.6
596993 0.000640 7115.9
598017 0.000634 7197.0
599041 0.000635 7193.4
