1 0.000000 20.7
257 0.000000 6940.1
513 0.000000 13634.6
769 0.000000 19391.6
1025 0.000000 23924.1
1281 0.000000 28867.6
1537 0.000000 28529.0
1793 0.000000 36359.9
2049 0.000000 40078.2
2305 0.000000 39234.0
2561 0.000000 45402.8
2817 0.000000 46730.9
3073 0.000000 50222.7
3329 0.000001 46417.4
3585 0.000001 52915.1
3841 0.000001 42427.3
4097 0.000001 50756.5
4353 0.000001 59401.3
4609 0.000001 59255.9
4865 0.000001 56121.1
5121 0.000001 65106.1
5377 0.000001 66382.7
5633 0.000001 61041.7
5889 0.000001 67689.7
6145 0.000001 69705.8
6401 0.000001 69576.1
6657 0.000001 70235.4
6913 0.000001 71521.5
7169 0.000001 71399.9
7425 0.000001 69009.6
7681 0.000001 72376.9
7937 0.000001 62114.0
8193 0.000001 72624.9
8449 0.000001 78095.9
8705 0.000001 78225.2
8961 0.000001 79454.7
9217 0.000001 81095.4
9473 0.000001 79898.8
9729 0.000001 80467.3
9985 0.000001 81635.2
10241 0.000001 81866.6
10497 0.000001 78906.3
10753 0.000001 81966.6
11009 0.000001 77137.7
11265 0.000001 80788.9
11521 0.000001 82810.4
11777 0.000001 82518.9
12033 0.000001 70795.4
12289 0.000001 81722.4
12545 0.000001 81477.6
12801 0.000001 82255.4
13057 0.000001 77676.9
13313 0.000001 82529.2
13569 0.000001 82003.4
13825 0.000001 80833.2
14081 0.000001 80362.4
14337 0.000001 81955.0
14593 0.000001 79323.3
14849 0.000001 77100.1
15105 0.000001 78684.7
15361 0.000001 78610.6
15617 0.000002 79136.0
15873 0.000002 77844.6
16129 0.000002 68552.0
16385 0.000002 78093.5
16641 0.000002 78449.0
16897 0.000002 77498.1
17153 0.000002 78001.4
17409 0.000002 78154.9
17665 0.000002 76867.0
17921 0.000002 75140.5
18177 0.000002 76827.9
18433 0.000002 77226.5
18689 0.000002 77127.7
18945 0.000002 77743.0
19201 0.000002 77093.1
19457 0.000002 75745.0
19713 0.000002 77753.7
19969 0.000002 77221.5
20225 0.000002 70895.0
20481 0.000002 77478.7
20737 0.000002 75458.7
20993 0.000002 77420.3
21249 0.000002 78004.8
21505 0.000002 76760.7
21761 0.000002 79229.9
22017 0.000002 78204.5
22273 0.000002 77127.6
22529 0.000002 78370.3
22785 0.000002 77980.8
23041 0.000002 79229.7
23297 0.000002 76919.5
23553 0.000002 79908.4
23809 0.000002 78270.8
24065 0.000002 79381.5
24321 0.000003 73194.0
24577 0.000002 77438.4
24833 0.000002 79433.8
25089 0.000002 79592.3
25345 0.000002 79459.2
25601 0.000002 78275.6
25857 0.000002 79050.7
26113 0.000002 81017.6
26369 0.000003 79838.0
26625 0.000003 78547.1
26881 0.000003 80640.5
27137 0.000003 80198.0
27393 0.000003 80575.1
27649 0.000003 79394.1
27905 0.000003 79785.6
28161 0.000003 80733.9
28417 0.000003 73684.8
28673 0.000003 80422.1
28929 0.000003 79776.6
29185 0.000003 80733.1
29441 0.000003 79799.4
29697 0.000003 81063.2
29953 0.000003 81070.5
30209 0.000003 80289.7
30465 0.000003 81253.5
30721 0.000003 81259.1
30977 0.000003 81111.5
31233 0.000003 80258.2
31489 0.000003 81670.3
31745 0.000003 81823.6
32001 0.000003 80836.1
32257 0.000003 80548.1
32513 0.000003 76159.6
32769 0.000003 80248.6
33025 0.000003 81354.9
33281 0.000003 81043.5
33537 0.000003 81660.6
33793 0.000003 80345.9
34049 0.000003 82212.9
34305 0.000003 81225.3
34561 0.000003 80544.2
34817 0.000003 82285.4
35073 0.000003 82018.1
35329 0.000003 80642.6
35585 0.000003 82426.4
35841 0.000003 81916.4
36097 0.000003 81133.9
36353 0.000003 82281.5
36609 0.000004 77036.1
36865 0.000003 81183.7
37121 0.000003 81882.7
37377 0.000003 82017.7
37633 0.000004 81242.4
37889 0.000004 81877.9
38145 0.000004 82231.2
38401 0.000004 81105.7
38657 0.000004 82755.1
38913 0.000004 81392.0
39169 0.000004 80849.4
39425 0.000004 82398.3
39681 0.000004 81527.6
39937 0.000004 82455.9
40193 0.000004 82031.8
40449 0.000004 81172.0
40705 0.000004 77815.9
40961 0.000004 81881.1
41217 0.000004 82351.6
41473 0.000004 82333.6
41729 0.000004 81997.4
41985 0.000004 82278.2
42241 0.000004 82391.3
42497 0.000004 82100.0
42753 0.000004 81966.1
43009 0.000004 82294.2
43265 0.000004 82507.8
43521 0.000004 82250.9
43777 0.000004 82573.8
44033 0.000004 82744.5
44289 0.000004 81945.5
44545 0.000004 82562.4
44801 0.000004 78520.8
45057 0.000004 81745.3
45313 0.000004 82763.5
45569 0.000004 82533.8
45825 0.000004 82739.9
46081 0.000004 82531.6
46337 0.000004 82990.1
46593 0.000004 82882.6
46849 0.000004 82358.3
47105 0.000004 81668.7
47361 0.000004 82998.5
47617 0.000004 82111.5
47873 0.000004 82437.5
48129 0.000004 82869.4
48385 0.000004 82864.3
48641 0.000004 82687.6
48897 0.000005 78561.2
49153 0.000005 82958.6
49409 0.000005 82288.3
49665 0.000005 82684.6
49921 0.000005 82933.9
50177 0.000005 82659.7
50433 0.000005 82932.0
50689 0.000005 83071.2
50945 0.000005 82909.0
51201 0.000005 82904.0
51457 0.000005 82774.0
51713 0.000005 82744.9
51969 0.000005 82914.1
52225 0.000005 82818.8
52481 0.000005 82945.2
52737 0.000005 82684.2
52993 0.000005 79420.0
53249 0.000005 82688.8
53505 0.000005 82949.5
53761 0.000005 82625.8
54017 0.000005 82887.9
54273 0.000005 82674.2
54529 0.000005 83048.3
54785 0.000005 82647.6
55041 0.000005 83084.7
55297 0.000005 82939.0
55553 0.000005 82860.8
55809 0.000005 82864.1
56065 0.000005 82649.8
56321 0.000005 83073.1
56577 0.000005 83178.5
56833 0.000005 81877.2
57089 0.000005 79768.1
57345 0.000005 82395.9
57601 0.000005 82845.6
57857 0.000005 83027.2
58113 0.000005 83037.1
58369 0.000005 83143.0
58625 0.000005 82770.8
58881 0.000005 83157.9
59137 0.000005 82883.0
59393 0.000005 82907.7
59649 0.000006 82659.3
59905 0.000005 83415.0
60161 0.000006 83163.5
60417 0.000006 83420.1
60673 0.000006 83345.6
60929 0.000006 82675.1
61185 0.000006 80081.8
61441 0.000006 83123.2
61697 0.000006 83240.7
61953 0.000006 81911.2
62209 0.000006 83268.0
62465 0.000006 83345.7
62721 0.000006 83005.5
62977 0.000006 83313.2
63233 0.000006 83256.1
63489 0.000006 83274.5
63745 0.000006 83221.4
64001 0.000006 83229.6
64257 0.000006 82845.4
64513 0.000006 83451.2
64769 0.000006 83482.0
65025 0.000006 79105.8
65281 0.000006 81895.6
65537 0.000010 48255.5
65793 0.000010 49440.5
66049 0.000010 49635.2
66305 0.000010 49811.2
66561 0.000010 49603.0
66817 0.000010 49652.7
67073 0.000010 49742.4
67329 0.000010 50310.1
67585 0.000010 50449.5
67841 0.000010 50464.0
68097 0.000010 50568.6
68353 0.000010 50337.1
68609 0.000010 50596.6
68865 0.000010 50513.0
69121 0.000010 50486.7
69377 0.000010 50896.7
69633 0.000010 51023.7
69889 0.000010 51319.4
70145 0.000010 50984.4
70401 0.000011 51133.3
70657 0.000011 50609.4
70913 0.000011 51264.3
71169 0.000011 51334.6
71425 0.000011 51384.9
71681 0.000011 51304.9
71937 0.000011 51482.4
72193 0.000011 50842.4
72449 0.000011 51287.9
72705 0.000011 51151.2
72961 0.000011 50794.1
73217 0.000011 51632.9
73473 0.000011 51473.1
73729 0.000011 51371.3
73985 0.000011 51285.0
74241 0.000011 51497.0
74497 0.000011 51122.7
74753 0.000011 51287.4
75009 0.000011 52212.0
75265 0.000011 51826.5
75521 0.000011 51545.8
75777 0.000011 51844.4
76033 0.000011 50766.9
76289 0.000011 51467.3
76545 0.000011 51428.6
76801 0.000011 51333.3
77057 0.000011 51347.8
77313 0.000011 51352.6
77569 0.000011 51681.4
77825 0.000012 51567.5
78081 0.000012 51560.9
78337 0.000012 51889.5
78593 0.000012 51761.3
78849 0.000012 51960.9
79105 0.000012 52069.5
79361 0.000012 51841.3
79617 0.000012 51861.4
79873 0.000012 52160.9
80129 0.000012 52153.5
80385 0.000012 52195.9
80641 0.000012 52003.4
80897 0.000012 52279.1
81153 0.000012 52060.8
81409 0.000012 52271.1
81665 0.000012 52416.6
81921 0.000012 52413.7
82177 0.000012 52279.6
82433 0.000012 52714.9
82689 0.000012 52698.6
82945 0.000012 52804.9
83201 0.000012 52894.2
83457 0.000012 52863.8
83713 0.000012 53097.4
83969 0.000012 53043.2
84225 0.000012 53122.0
84481 0.000012 53277.2
84737 0.000012 53053.9
84993 0.000012 52805.0
85249 0.000012 52834.8
85505 0.000012 53523.2
85761 0.000012 53047.4
86017 0.000012 53377.0
86273 0.000012 52916.0
86529 0.000012 53256.8
86785 0.000013 52947.9
87041 0.000012 53209.6
87297 0.000013 53208.6
87553 0.000012 53488.9
87809 0.000012 53794.2
88065 0.000013 53701.2
88321 0.000012 54433.0
88577 0.000013 53544.1
88833 0.000013 53612.8
89089 0.000013 53532.0
89345 0.000013 53410.1
89601 0.000013 53531.1
89857 0.000013 53903.4
90113 0.000013 53806.8
90369 0.000013 53857.2
90625 0.000013 53880.3
90881 0.000013 53615.1
91137 0.000013 53754.3
91393 0.000013 53811.0
91649 0.000013 53777.7
91905 0.000013 54365.6
92161 0.000013 53985.1
92417 0.000013 54141.0
92673 0.000013 54158.1
92929 0.000013 54245.3
93185 0.000013 53910.9
93441 0.000013 54130.5
93697 0.000013 54091.7
93953 0.000013 54441.8
94209 0.000013 54348.1
94465 0.000013 54372.3
94721 0.000013 54501.0
94977 0.000013 54282.3
95233 0.000013 54618.8
95489 0.000013 54616.8
95745 0.000013 54721.2
96001 0.000013 54823.4
96257 0.000013 54806.3
96513 0.000014 54320.0
96769 0.000013 54903.4
97025 0.000013 54941.5
97281 0.000013 54996.0
97537 0.000014 54791.3
97793 0.000014 54963.0
98049 0.000014 54524.7
98305 0.000013 56465.7
98561 0.000014 55527.3
98817 0.000013 55976.1
99073 0.000013 56675.9
99329 0.000013 56347.9
99585 0.000013 56384.2
99841 0.000014 55730.4
