1 0.000029 0.3
257 0.000028 68.8
513 0.000029 136.1
769 0.000011 536.0
1025 0.000029 271.2
1281 0.000029 337.4
1537 0.000029 398.3
1793 0.000033 414.7
2049 0.000033 473.6
2305 0.000020 887.5
2561 0.000030 653.8
2817 0.000025 843.6
3073 0.000020 1174.2
3329 0.000023 1117.6
3585 0.000030 904.0
3841 0.000026 1148.8
4097 0.000023 1357.6
4353 0.000026 1291.6
4609 0.000021 1676.0
4865 0.000023 1599.2
5121 0.000023 1714.7
5377 0.000023 1764.6
5633 0.000017 2551.0
5889 0.000018 2480.9
6145 0.000017 2834.7
6401 0.000019 2634.5
6657 0.000018 2897.5
6913 0.000017 3054.2
7169 0.000017 3155.5
7425 0.000016 3463.6
7681 0.000018 3287.7
7937 0.000021 2927.1
8193 0.000023 2719.1
8449 0.000016 3935.5
8705 0.000127 524.9
8961 0.000018 3715.8
9217 0.000024 2938.3
9473 0.000099 730.1
9729 0.000023 3261.7
9985 0.000022 3451.3
10241 0.000033 2341.0
10497 0.000022 3617.7
10753 0.000024 3471.5
11009 0.000024 3455.8
11265 0.000028 3094.2
11521 0.000049 1785.3
11777 0.000028 3241.0
12033 0.000027 3414.5
12289 0.000030 3122.8
12545 0.000030 3189.3
12801 0.000030 3280.5
13057 0.000029 3466.3
13313 0.000029 3484.8
13569 0.000126 820.4
13825 0.000033 3180.9
14081 0.000038 2843.4
14337 0.000033 3362.5
14593 0.000030 3681.6
14849 0.000032 3558.8
15105 0.000034 3388.4
15361 0.000114 1028.4
15617 0.000161 738.6
15873 0.000067 1814.1
16129 0.000162 760.9
16385 0.000225 556.7
16641 0.000199 636.9
16897 0.000088 1460.8
17153 0.000301 435.1
17409 0.000239 556.9
17665 0.000276 488.1
17921 0.000202 677.9
18177 0.000364 381.5
18433 0.000402 350.2
18689 0.000252 566.6
18945 0.000244 593.5
19201 0.000440 333.0
19457 0.000360 411.8
19713 0.000262 574.6
19969 0.000176 863.5
20225 0.000388 398.1
20481 0.000188 831.3
20737 0.000360 439.1
20993 0.000372 430.7
21249 0.000278 582.9
21505 0.000395 415.2
21761 0.000371 447.5
22017 0.000455 369.2
22273 0.001017 167.1
22529 0.000102 1677.9
22785 0.000100 1731.5
23041 0.000034 5228.8
23297 0.000057 3145.9
23553 0.000030 5925.7
23809 0.000101 1790.7
24065 0.000049 3757.8
24321 0.000083 2241.6
24577 0.000149 1256.5
24833 0.000081 2334.8
25089 0.000114 1674.0
25345 0.000050 3874.1
25601 0.000097 2018.0
25857 0.000086 2285.3
26113 0.000278 717.2
26369 0.000036 5606.0
26625 0.000033 6072.7
26881 0.000184 1112.3
27137 0.000130 1595.2
27393 0.000085 2453.8
27649 0.000059 3550.4
27905 0.000129 1649.7
28161 0.000034 6404.3
28417 0.000040 5448.1
28673 0.000096 2284.2
28929 0.000041 5376.2
29185 0.000079 2824.2
29441 0.000038 5846.2
29697 0.000038 6025.6
29953 0.000101 2270.4
30209 0.000117 1970.3
30465 0.000043 5402.8
30721 0.000162 1449.7
30977 0.000137 1723.8
31233 0.000076 3124.8
31489 0.000043 5533.5
31745 0.000053 4571.1
32001 0.000050 4900.4
32257 0.000082 3013.3
32513 0.000045 5544.4
32769 0.000155 1614.6
33025 0.000046 5522.9
33281 0.000089 2862.0
33537 0.000132 1942.6
33793 0.000071 3621.4
34049 0.000043 6067.7
34305 0.000184 1422.4
34561 0.000178 1478.0
34817 0.000088 3002.0
35073 0.000093 2877.1
35329 0.000067 4040.3
35585 0.000242 1121.5
35841 0.000042 6579.0
36097 0.000090 3063.5
36353 0.000098 2827.0
36609 0.000056 5019.0
36865 0.000068 4118.9
37121 0.000163 1739.0
37377 0.000118 2422.9
37633 0.000049 5809.2
37889 0.000189 1527.2
38145 0.000093 3124.6
38401 0.000051 5762.1
38657 0.000172 1713.8
38913 0.000075 3942.2
39169 0.000061 4886.8
39425 0.000046 6600.1
39681 0.000095 3198.6
39937 0.000148 2054.7
40193 0.000119 2587.2
40449 0.000095 3249.7
40705 0.000103 3022.7
40961 0.000048 6472.2
41217 0.000110 2871.5
41473 0.000096 3295.6
41729 0.000264 1204.9
41985 0.000144 2226.1
42241 0.000084 3847.5
42497 0.000426 761.1
42753 0.000805 405.3
43009 0.001030 318.6
43265 0.003230 102.2
43521 0.002927 113.4
43777 0.001573 212.4
44033 0.000732 459.0
44289 0.000468 721.4
44545 0.000060 5646.0
44801 0.000063 5445.9
45057 0.000063 5453.4
45313 0.000064 5434.2
45569 0.000061 5679.3
45825 0.000065 5352.8
46081 0.000058 6017.0
46337 0.000062 5723.3
46593 0.000063 5661.6
46849 0.000063 5677.2
47105 0.000065 5556.3
47361 0.000064 5643.9
47617 0.000065 5615.0
47873 0.000062 5896.1
48129 0.000063 5801.1
48385 0.000062 5960.1
48641 0.000067 5520.7
48897 0.000064 5791.6
49153 0.000066 5710.7
49409 0.000064 5922.3
49665 0.000068 5539.5
49921 0.000067 5724.9
50177 0.000069 5577.0
50433 0.000064 5975.3
50689 0.000066 5856.6
50945 0.000071 5494.2
51201 0.000065 6046.5
51457 0.000065 6001.5
51713 0.000068 5821.5
51969 0.000072 5534.7
52225 0.000066 6028.6
52481 0.000068 5896.5
52737 0.000071 5650.1
52993 0.000069 5854.2
53249 0.000064 6303.8
53505 0.000068 5992.0
53761 0.000070 5841.4
54017 0.000072 5712.1
54273 0.000069 6042.7
54529 0.000072 5785.0
54785 0.000070 5974.6
55041 0.000070 5972.6
55297 0.000073 5794.6
55553 0.000070 6020.4
55809 0.000071 6024.9
56065 0.000076 5607.9
56321 0.000072 5928.5
56577 0.000072 5968.4
56833 0.000074 5842.5
57089 0.000070 6243.3
57345 0.000074 5937.9
57601 0.000072 6105.2
57857 0.000073 6052.0
58113 0.000076 5821.9
58369 0.000073 6080.9
58625 0.000075 5927.1
58881 0.000072 6223.0
59137 0.000075 6014.1
59393 0.000075 6068.6
59649 0.000077 5917.6
59905 0.000073 6227.7
60161 0.000075 6141.6
60417 0.000080 5739.1
60673 0.000073 6379.5
60929 0.000079 5884.4
61185 0.000075 6186.6
61441 0.000076 6147.4
61697 0.000077 6088.5
61953 0.000076 6211.2
62209 0.000078 6117.3
62465 0.000084 5700.7
62721 0.000077 6185.1
62977 0.000083 5774.1
63233 0.000079 6076.3
63489 0.000078 6204.8
63745 0.000080 6094.4
64001 0.000079 6184.8
64257 0.000080 6090.9
64513 0.000079 6223.4
64769 0.000079 6292.8
65025 0.000081 6096.9
65281 0.000080 6213.7
65537 0.000084 5957.4
65793 0.000080 6286.6
66049 0.000082 6170.8
66305 0.000082 6155.7
66561 0.000082 6166.8
66817 0.000083 6151.0
67073 0.000081 6289.8
67329 0.000082 6261.2
67585 0.000081 6378.2
67841 0.000084 6127.7
68097 0.000085 6127.1
68353 0.000084 6240.3
68609 0.000083 6282.9
68865 0.000088 5995.8
69121 0.000086 6135.9
69377 0.000084 6305.7
69633 0.000087 6131.9
69889 0.000086 6197.6
70145 0.000087 6178.5
70401 0.000086 6222.9
70657 0.000086 6274.9
70913 0.001992 271.6
71169 0.006860 79.1
71425 0.002202 247.5
71681 0.000092 5965.0
71937 0.000091 6053.2
72193 0.000090 6139.5
72449 0.000088 6265.5
72705 0.000092 6009.5
72961 0.000093 5999.8
73217 0.000091 6112.1
73473 0.000088 6341.6
73729 0.000091 6198.8
73985 0.000090 6303.6
74241 0.000088 6400.9
74497 0.000093 6131.4
74753 0.000094 6099.6
75009 0.000096 5958.4
75265 0.000091 6308.2
75521 0.000089 6508.2
75777 0.000093 6239.0
76033 0.000094 6198.4
76289 0.000090 6497.3
76545 0.000092 6329.5
76801 0.000092 6371.0
77057 0.000094 6238.2
77313 0.000094 6290.6
77569 0.000094 6300.5
77825 0.000094 6341.9
78081 0.000094 6351.8
78337 0.000093 6426.0
78593 0.000093 6441.2
78849 0.000094 6368.9
79105 0.000097 6246.0
79361 0.000093 6488.7
79617 0.000095 6388.7
79873 0.000096 6376.0
80129 0.000094 6476.7
80385 0.000098 6229.3
80641 0.000096 6384.7
80897 0.000096 6450.5
81153 0.000096 6443.3
81409 0.000098 6337.2
81665 0.000096 6507.7
81921 0.000098 6353.5
82177 0.000097 6439.1
82433 0.000096 6555.0
82689 0.000100 6297.7
82945 0.000095 6628.8
83201 0.000099 6397.5
83457 0.000100 6364.5
83713 0.000098 6517.5
83969 0.000098 6522.8
84225 0.000100 6438.1
84481 0.000097 6652.9
84737 0.000102 6356.9
84993 0.000100 6462.6
85249 0.000103 6331.4
85505 0.000102 6399.0
85761 0.000102 6412.3
86017 0.000104 6280.5
86273 0.000102 6473.2
86529 0.000100 6596.0
86785 0.000103 6411.2
87041 0.000103 6469.0
87297 0.000105 6332.3
87553 0.000102 6560.1
87809 0.000105 6410.1
88065 0.000105 6372.9
88321 0.000105 6422.5
88577 0.000104 6470.9
88833 0.000105 6475.6
89089 0.000105 6450.0
89345 0.000105 6486.5
89601 0.000106 6433.7
89857 0.000109 6313.5
90113 0.000105 6561.1
90369 0.000114 6029.4
90625 0.000108 6423.2
90881 0.000105 6621.0
91137 0.000106 6552.9
91393 0.000108 6474.0
91649 0.000107 6541.1
91905 0.004724 148.4
92161 0.006813 103.2
92417 0.000110 6426.1
92673 0.000111 6354.4
92929 0.000110 6433.3
93185 0.000112 6320.6
93441 0.000112 6377.1
93697 0.000114 6285.0
93953 0.000109 6603.3
94209 0.000109 6586.5
94465 0.000110 6536.2
94721 0.000113 6412.4
94977 0.000112 6450.3
95233 0.000113 6456.7
95489 0.000117 6221.5
95745 0.000114 6385.1
96001 0.000119 6157.2
96257 0.000113 6473.1
96513 0.000113 6497.0
96769 0.000115 6416.4
97025 0.000114 6489.7
97281 0.000112 6632.1
97537 0.000113 6571.9
97793 0.000112 6644.3
98049 0.000117 6367.6
98305 0.000116 6480.8
98561 0.000115 6532.6
98817 0.000117 6437.9
99073 0.000115 6545.7
99329 0.000116 6544.9
99585 0.000113 6751.7
99841 0.000117 6523.0
