1 0.000000 20.4
257 0.000000 6999.1
513 0.000000 13566.9
769 0.000000 18014.6
1025 0.000000 23131.2
1281 0.000000 28665.7
1537 0.000000 26861.8
1793 0.000000 35972.4
2049 0.000000 35384.8
2305 0.000000 41980.6
2561 0.000000 44954.5
2817 0.000000 47245.3
3073 0.000000 49639.6
3329 0.000001 47642.2
3585 0.000001 52145.5
3841 0.000001 41454.3
4097 0.000001 50756.5
4353 0.000001 54819.4
4609 0.000001 61325.6
4865 0.000001 61363.8
5121 0.000001 63319.9
5377 0.000001 65299.4
5633 0.000001 62610.6
5889 0.000001 67063.3
6145 0.000001 69190.7
6401 0.000001 68368.5
6657 0.000001 70050.6
6913 0.000001 68087.4
7169 0.000001 72897.4
7425 0.000001 73152.7
7681 0.000001 67823.4
7937 0.000001 61482.4
8193 0.000001 71301.6
8449 0.000001 77938.3
8705 0.000001 77507.0
8961 0.000001 78929.8
9217 0.000001 75452.5
9473 0.000001 79438.2
9729 0.000001 80177.2
9985 0.000001 80503.9
10241 0.000001 76496.7
10497 0.000001 81352.4
10753 0.000001 81269.7
11009 0.000001 78390.7
11265 0.000001 78896.9
11521 0.000001 82384.8
11777 0.000001 82069.7
12033 0.000001 68649.7
12289 0.000001 82511.1
12545 0.000001 78575.1
12801 0.000001 80827.1
13057 0.000001 79073.4
13313 0.000001 81596.6
13569 0.000001 80647.8
13825 0.000001 79212.2
14081 0.000001 80491.6
14337 0.000001 79885.8
14593 0.000001 76030.0
14849 0.000001 79273.9
15105 0.000001 77548.5
15361 0.000001 79027.7
15617 0.000002 78158.3
15873 0.000002 77832.7
16129 0.000002 67397.2
16385 0.000002 76442.6
16641 0.000002 77231.6
16897 0.000002 76349.1
17153 0.000002 77200.6
17409 0.000002 75670.7
17665 0.000002 74427.9
17921 0.000002 75476.7
18177 0.000002 75599.7
18433 0.000002 76396.3
18689 0.000002 75292.5
18945 0.000002 74440.1
19201 0.000002 76015.3
19457 0.000002 77124.2
19713 0.000002 76056.9
19969 0.000002 76988.9
20225 0.000002 68610.2
20481 0.000002 76573.4
20737 0.000002 77584.9
20993 0.000002 77171.3
21249 0.000002 77339.4
21505 0.000002 74930.3
21761 0.000002 77449.9
22017 0.000002 77790.0
22273 0.000002 77479.7
22529 0.000002 75839.3
22785 0.000002 78518.2
23041 0.000002 78096.8
23297 0.000002 78581.6
23553 0.000002 78632.9
23809 0.000002 77161.0
24065 0.000002 78022.3
24321 0.000003 71882.5
24577 0.000002 78030.0
24833 0.000002 77421.7
25089 0.000002 77931.3
25345 0.000002 79226.3
25601 0.000002 78636.2
25857 0.000003 77070.0
26113 0.000003 78846.6
26369 0.000003 78926.9
26625 0.000003 79440.6
26881 0.000003 77993.7
27137 0.000003 79319.0
27393 0.000003 79674.2
27649 0.000003 78800.1
27905 0.000003 79093.0
28161 0.000003 79375.7
28417 0.000003 73684.8
28673 0.000003 79744.1
28929 0.000003 77910.1
29185 0.000003 79979.4
29441 0.000003 79765.6
29697 0.000003 78472.7
29953 0.000003 80343.3
30209 0.000003 80363.1
30465 0.000003 79855.8
30721 0.000003 79292.8
30977 0.000003 80459.7
31233 0.000003 80078.2
31489 0.000003 78969.3
31745 0.000003 80208.4
32001 0.000003 80360.4
32257 0.000003 80523.0
32513 0.000003 74029.9
32769 0.000003 80390.1
33025 0.000003 80610.2
33281 0.000003 79429.6
33537 0.000003 80545.2
33793 0.000003 79995.3
34049 0.000003 79206.8
34305 0.000003 80729.5
34561 0.000003 81308.0
34817 0.000003 80828.8
35073 0.000003 79205.1
35329 0.000003 79941.2
35585 0.000003 80731.7
35841 0.000003 79935.3
36097 0.000003 80652.4
36353 0.000003 81196.1
36609 0.000004 74951.2
36865 0.000003 81027.5
37121 0.000003 80950.8
37377 0.000004 79425.2
37633 0.000004 81341.2
37889 0.000004 80835.3
38145 0.000004 79931.9
38401 0.000004 81818.5
38657 0.000004 80336.7
38913 0.000004 81354.8
39169 0.000004 81623.3
39425 0.000004 81058.9
39681 0.000004 80585.9
39937 0.000004 81452.1
40193 0.000004 81475.7
40449 0.000004 80585.7
40705 0.000004 76374.1
40961 0.000004 81156.1
41217 0.000004 80174.1
41473 0.000004 81304.7
41729 0.000004 81516.9
41985 0.000004 80754.9
42241 0.000004 81389.2
42497 0.000004 81431.4
42753 0.000004 80723.2
43009 0.000004 81751.6
43265 0.000004 81632.1
43521 0.000004 81007.0
43777 0.000004 81578.4
44033 0.000004 81845.7
44289 0.000004 80939.4
44545 0.000004 81621.6
44801 0.000004 77455.9
45057 0.000004 81001.4
45313 0.000004 82033.0
45569 0.000004 81505.1
45825 0.000004 81218.5
46081 0.000004 82086.0
46337 0.000004 81208.4
46593 0.000004 82152.0
46849 0.000004 81079.9
47105 0.000004 81961.8
47361 0.000004 81935.0
47617 0.000004 81063.1
47873 0.000004 82366.6
48129 0.000005 81016.7
48385 0.000004 82256.8
48641 0.000005 81144.4
48897 0.000005 78521.8
49153 0.000005 81960.1
49409 0.000005 81377.7
49665 0.000005 82299.2
49921 0.000005 81578.6
50177 0.000005 82400.9
50433 0.000005 81942.4
50689 0.000005 82698.5
50945 0.000005 82343.7
51201 0.000005 81566.8
51457 0.000005 82504.5
51713 0.000005 81978.4
51969 0.000005 82856.3
52225 0.000005 82699.9
52481 0.000005 81885.6
52737 0.000005 82655.8
52993 0.000005 77973.9
53249 0.000005 82313.3
53505 0.000005 81937.2
53761 0.000005 82609.9
54017 0.000005 81696.9
54273 0.000005 82752.9
54529 0.000005 82682.3
54785 0.000005 82799.8
55041 0.000005 82055.1
55297 0.000005 82432.9
55553 0.000005 81883.7
55809 0.000005 82841.1
56065 0.000005 82000.1
56321 0.000005 83192.0
56577 0.000005 82312.5
56833 0.000005 82850.7
57089 0.000006 79005.7
57345 0.000005 82562.8
57601 0.000005 81892.3
57857 0.000005 82476.1
58113 0.000005 81867.3
58369 0.000005 82763.6
58625 0.000005 82129.4
58881 0.000005 82560.3
59137 0.000005 82313.4
59393 0.000005 82882.4
59649 0.000006 81921.4
59905 0.000005 83147.3
60161 0.000006 81799.5
60417 0.000006 83265.6
60673 0.000006 82080.7
60929 0.000006 82766.4
61185 0.000006 79072.7
61441 0.000006 82825.5
61697 0.000006 82468.8
61953 0.000006 82977.4
62209 0.000006 82076.7
62465 0.000006 82133.4
62721 0.000006 82186.3
62977 0.000006 82881.5
63233 0.000006 82150.8
63489 0.000006 83148.4
63745 0.000006 82371.2
64001 0.000006 82568.6
64257 0.000006 82832.1
64513 0.000006 82649.4
64769 0.000006 83100.4
65025 0.000006 82258.1
65281 0.000006 83303.1
65537 0.000011 47200.9
65793 0.000010 50729.5
66049 0.000010 51210.7
66305 0.000010 51209.4
66561 0.000010 50595.1
66817 0.000010 51166.5
67073 0.000010 51324.4
67329 0.000010 51728.1
67585 0.000010 51193.5
67841 0.000010 51665.0
68097 0.000010 51784.8
68353 0.000010 51725.0
68609 0.000010 51844.0
68865 0.000010 51421.8
69121 0.000010 51980.4
69377 0.000010 52164.4
69633 0.000010 52203.5
69889 0.000010 52159.6
70145 0.000010 52055.7
70401 0.000010 52440.2
70657 0.000010 52623.6
70913 0.000010 52370.6
71169 0.000010 52619.1
71425 0.000010 52583.6
71681 0.000010 52410.4
71937 0.000010 52627.6
72193 0.000010 52700.4
72449 0.000011 52635.2
72705 0.000011 52727.8
72961 0.000011 52591.6
73217 0.000011 52860.7
73473 0.000011 53019.2
73729 0.000011 53071.1
73985 0.000011 53119.1
74241 0.000011 52144.7
74497 0.000011 52886.3
74753 0.000011 53147.1
75009 0.000011 50657.2
75265 0.000011 52245.8
75521 0.000011 52660.0
75777 0.000011 53252.8
76033 0.000011 53157.2
76289 0.000011 53364.1
76545 0.000011 53298.5
76801 0.000011 53360.7
77057 0.000011 52690.8
77313 0.000011 53170.3
77569 0.000011 53297.1
77825 0.000011 53026.7
78081 0.000011 53517.9
78337 0.000011 53456.4
78593 0.000011 53518.1
78849 0.000011 53513.6
79105 0.000011 53807.2
79361 0.000011 53647.2
79617 0.000011 53637.8
79873 0.000011 53919.3
80129 0.000011 53757.6
80385 0.000011 53833.4
80641 0.000011 53887.5
80897 0.000011 53686.4
81153 0.000012 53360.5
81409 0.000012 53992.6
81665 0.000011 54286.1
81921 0.000012 54308.5
82177 0.000012 54460.2
82433 0.000012 54470.8
82689 0.000012 54448.8
82945 0.000012 54509.7
83201 0.000012 54583.8
83457 0.000012 54762.9
83713 0.000012 54764.7
83969 0.000012 54677.3
84225 0.000012 54819.5
84481 0.000012 54851.1
84737 0.000012 55102.3
84993 0.000012 54969.4
85249 0.000012 54770.8
85505 0.000012 55054.6
85761 0.000012 55080.9
86017 0.000012 55150.1
86273 0.000012 55180.5
86529 0.000012 55429.6
86785 0.000012 55095.0
87041 0.000012 55465.5
87297 0.000012 55598.8
87553 0.000012 55509.9
87809 0.000012 55514.9
88065 0.000012 55592.2
88321 0.000012 55367.2
88577 0.000012 55818.5
88833 0.000012 55592.3
89089 0.000012 55493.1
89345 0.000012 54645.3
89601 0.000012 55663.6
89857 0.000012 55562.7
90113 0.000012 55737.1
90369 0.000012 55627.7
90625 0.000012 55731.7
90881 0.000012 55531.6
91137 0.000012 55753.0
91393 0.000013 55773.1
91649 0.000013 55637.6
91905 0.000013 55462.6
92161 0.000013 55574.1
92417 0.000013 55666.6
92673 0.000013 55890.2
92929 0.000013 55721.2
93185 0.000013 55657.8
93441 0.000013 54963.3
93697 0.000013 55983.4
93953 0.000013 55865.2
94209 0.000013 56087.2
94465 0.000013 55620.8
94721 0.000013 56000.3
94977 0.000013 55686.6
95233 0.000013 55764.2
95489 0.000013 55715.3
95745 0.000013 55364.9
96001 0.000013 55694.1
96257 0.000013 55669.0
96513 0.000013 55591.0
96769 0.000013 55723.5
97025 0.000013 56036.2
97281 0.000013 55846.4
97537 0.000013 55528.2
97793 0.000013 55797.0
98049 0.000013 55875.3
98305 0.000013 56355.4
98561 0.000013 56417.3
98817 0.000013 56545.6
99073 0.000013 56446.8
99329 0.000013 56791.9
99585 0.000013 56680.0
99841 0.000013 56973.7
