1 0.000026 0.3
257 0.000025 77.8
513 0.000026 151.9
769 0.000027 218.9
1025 0.000026 305.2
1281 0.000026 381.2
1537 0.000012 960.6
1793 0.000019 708.6
2049 0.000026 603.8
2305 0.000024 734.7
2561 0.000025 781.4
2817 0.000017 1244.2
3073 0.000017 1407.0
3329 0.000017 1482.0
3585 0.000021 1301.0
3841 0.000017 1681.4
4097 0.000021 1503.7
4353 0.000015 2150.6
4609 0.000017 2084.3
4865 0.000018 2078.5
5121 0.000017 2237.5
5377 0.000024 1678.8
5633 0.000014 3085.5
5889 0.000014 3216.4
6145 0.000013 3474.2
6401 0.000013 3700.7
6657 0.000014 3751.1
6913 0.000014 3865.4
7169 0.000018 3061.2
7425 0.000014 4005.4
7681 0.000019 3091.3
7937 0.000016 3880.6
8193 0.000019 3344.5
8449 0.000019 3394.5
8705 0.000043 1561.9
8961 0.000022 3176.3
9217 0.000023 3102.1
9473 0.000021 3495.2
9729 0.000023 3256.9
9985 0.000020 3716.6
10241 0.000023 3330.1
10497 0.000025 3186.6
10753 0.000025 3333.3
11009 0.000019 4339.1
11265 0.000025 3459.2
11521 0.000023 3789.0
11777 0.000026 3503.8
12033 0.000025 3630.5
12289 0.000024 3869.4
12545 0.000024 4044.7
12801 0.000027 3593.3
13057 0.000027 3686.8
13313 0.000027 3770.1
13569 0.000026 3979.9
13825 0.000023 4516.1
14081 0.000025 4311.9
14337 0.000029 3806.7
14593 0.000030 3730.1
14849 0.000028 4094.9
15105 0.000028 4132.0
15361 0.000027 4386.5
15617 0.000029 4050.8
15873 0.000029 4229.6
16129 0.000028 4359.9
16385 0.000036 3508.1
16641 0.000031 4074.3
16897 0.000036 3553.5
17153 0.000030 4349.1
17409 0.000030 4453.9
17665 0.000033 4059.2
17921 0.000032 4266.6
18177 0.000034 4131.7
18433 0.000035 4001.2
18689 0.000035 4045.5
18945 0.000035 4123.0
19201 0.000037 3968.2
19457 0.000036 4105.7
19713 0.000035 4343.0
19969 0.000033 4599.8
20225 0.000039 3994.6
20481 0.000039 3991.2
20737 0.000329 481.5
20993 0.000357 448.4
21249 0.000450 360.4
21505 0.000396 414.7
21761 0.000326 509.4
22017 0.000342 491.3
22273 0.000342 496.4
22529 0.000400 429.2
22785 0.000523 332.6
23041 0.000431 407.9
23297 0.000381 466.8
23553 0.000478 375.7
23809 0.000295 614.8
24065 0.000447 410.9
24321 0.000440 421.8
24577 0.000514 365.0
24833 0.000670 282.9
25089 0.000721 265.3
25345 0.000341 567.8
25601 0.000698 279.8
25857 0.000443 445.7
26113 0.000209 954.4
26369 0.000266 756.2
26625 0.000207 983.5
26881 0.000248 826.7
27137 0.000145 1429.5
27393 0.000260 802.9
27649 0.000297 710.8
27905 0.000190 1120.4
28161 0.000161 1331.7
28417 0.000199 1087.2
28673 0.000361 605.3
28929 0.000157 1406.2
29185 0.000263 847.6
29441 0.000573 392.3
29697 0.000164 1382.4
29953 0.000199 1146.4
30209 0.000638 361.1
30465 0.000348 668.6
30721 0.000286 818.9
30977 0.000545 434.0
31233 0.000572 416.7
31489 0.000056 4313.4
31745 0.000050 4875.4
32001 0.000050 4839.7
32257 0.000052 4769.1
32513 0.000052 4793.0
32769 0.000052 4831.8
33025 0.000054 4656.1
33281 0.000047 5420.6
33537 0.000052 4950.8
33793 0.000054 4744.1
34049 0.000051 5142.4
34305 0.000055 4745.6
34561 0.000056 4697.2
34817 0.000055 4826.9
35073 0.000058 4637.9
35329 0.000050 5426.6
35585 0.000049 5568.6
35841 0.000055 4965.2
36097 0.000056 4887.9
36353 0.000061 4571.4
36609 0.000057 4881.0
36865 0.000057 4918.8
37121 0.000055 5116.6
37377 0.000053 5351.5
37633 0.000054 5339.7
37889 0.000059 4860.3
38145 0.000056 5222.7
38401 0.000063 4682.0
38657 0.000053 5521.4
38913 0.000057 5230.9
39169 0.000472 633.1
39425 0.000683 440.4
39681 0.000804 376.6
39937 0.000661 460.9
40193 0.000588 521.1
40449 0.000761 405.3
40705 0.000619 501.6
40961 0.000600 520.9
41217 0.000679 463.4
41473 0.000747 423.8
41729 0.000725 438.9
41985 0.002122 150.9
42241 0.000902 357.4
42497 0.000209 1554.0
42753 0.000820 397.6
43009 0.000407 805.6
43265 0.000680 485.3
43521 0.000205 1619.5
43777 0.000875 381.5
44033 0.000482 697.3
44289 0.000836 404.3
44545 0.000538 631.8
44801 0.001000 341.9
45057 0.000155 2220.1
45313 0.000064 5407.1
45569 0.000066 5279.2
45825 0.000058 5982.9
46081 0.000062 5703.5
46337 0.000061 5838.9
46593 0.000069 5181.7
46849 0.000068 5276.7
47105 0.000067 5350.9
47361 0.000064 5638.0
47617 0.000063 5799.2
47873 0.000065 5660.2
48129 0.000067 5452.4
48385 0.000065 5653.5
48641 0.000063 5873.2
48897 0.000064 5792.4
49153 0.000067 5592.7
49409 0.000068 5579.6
49665 0.000066 5711.7
49921 0.000066 5733.1
50177 0.000069 5574.1
50433 0.000068 5622.4
50689 0.000069 5639.7
50945 0.000071 5458.1
51201 0.000070 5567.8
51457 0.000070 5615.1
51713 0.000892 442.3
51969 0.000820 483.5
52225 0.000999 398.8
52481 0.000958 417.9
52737 0.000961 418.8
52993 0.000859 470.6
53249 0.000864 470.4
53505 0.000993 411.2
53761 0.002263 181.3
54017 0.000716 575.9
54273 0.001066 388.6
54529 0.001000 415.9
54785 0.000805 519.4
55041 0.000542 774.5
55297 0.000544 775.9
55553 0.000565 750.8
55809 0.001434 296.9
56065 0.000602 710.0
56321 0.000255 1685.4
56577 0.000076 5715.4
56833 0.000074 5848.5
57089 0.000074 5873.0
57345 0.000071 6135.2
57601 0.000071 6214.5
57857 0.000075 5919.1
58113 0.000078 5718.2
58369 0.000075 5928.2
58625 0.000074 6037.4
58881 0.000074 6057.3
59137 0.000075 5985.0
59393 0.000072 6275.2
59649 0.000073 6225.6
59905 0.000076 5978.9
60161 0.000074 6204.8
60417 0.000073 6310.3
60673 0.000076 6068.6
60929 0.000080 5804.3
61185 0.000078 6013.8
61441 0.000077 6115.1
61697 0.000077 6111.8
61953 0.000078 6027.5
62209 0.001057 449.1
62465 0.001257 379.2
62721 0.001379 347.0
62977 0.000925 519.5
63233 0.000923 522.6
63489 0.001020 474.8
63745 0.001197 406.3
64001 0.002266 215.4
64257 0.001090 449.7
64513 0.001041 472.7
64769 0.000789 626.4
65025 0.001058 468.8
65281 0.000807 617.2
65537 0.001382 361.8
65793 0.001094 458.8
66049 0.000288 1749.7
66305 0.000083 6116.3
66561 0.000082 6204.9
66817 0.000084 6068.6
67073 0.000082 6243.3
67329 0.000081 6314.0
67585 0.000084 6116.5
67841 0.000079 6572.9
68097 0.000082 6332.6
68353 0.000082 6344.8
68609 0.000084 6260.5
68865 0.000084 6229.8
69121 0.000082 6427.4
69377 0.000084 6304.1
69633 0.000084 6334.8
69889 0.000082 6528.8
70145 0.000087 6174.1
70401 0.000087 6177.4
70657 0.000086 6254.6
70913 0.000086 6261.6
71169 0.000087 6210.7
71425 0.000980 555.8
71681 0.001209 452.3
71937 0.001378 398.3
72193 0.001502 366.8
72449 0.001140 485.0
72705 0.001261 439.9
72961 0.002522 220.7
73217 0.001580 353.6
73473 0.001285 436.1
73729 0.001152 488.3
73985 0.001444 390.9
74241 0.001603 353.4
74497 0.000093 6108.2
74753 0.000090 6343.9
75009 0.000090 6351.5
75265 0.000090 6406.2
75521 0.000091 6339.6
75777 0.000090 6406.8
76033 0.000092 6288.1
76289 0.000090 6483.5
76545 0.000089 6549.3
76801 0.000091 6459.1
77057 0.000092 6421.4
77313 0.000096 6168.4
77569 0.000093 6373.1
77825 0.000094 6333.4
78081 0.000096 6214.9
78337 0.000090 6613.5
78593 0.000093 6460.1
78849 0.000094 6412.6
79105 0.000093 6489.8
79361 0.001230 492.2
79617 0.001442 421.1
79873 0.001678 363.1
80129 0.001839 332.3
80385 0.001581 387.9
80641 0.002055 299.4
80897 0.000280 2201.2
81153 0.000294 2102.4
81409 0.000229 2717.8
81665 0.000168 3700.9
81921 0.000251 2487.1
82177 0.000151 4163.7
82433 0.000210 2998.7
82689 0.000108 5822.9
82945 0.000234 2703.9
83201 0.000193 3287.2
83457 0.000226 2817.2
83713 0.000278 2300.8
83969 0.000169 3800.9
84225 0.000179 3580.3
84481 0.000097 6632.5
84737 0.000270 2392.8
84993 0.000216 3005.5
85249 0.000153 4257.5
85505 0.000184 3553.9
85761 0.000132 4944.3
86017 0.000190 3454.8
86273 0.000193 3411.3
86529 0.000213 3093.7
86785 0.000312 2119.5
87041 0.000206 3230.3
87297 0.000142 4684.0
87553 0.000142 4690.8
87809 0.000120 5560.2
88065 0.000270 2490.5
88321 0.000133 5058.9
88577 0.000168 4019.8
88833 0.000174 3894.9
89089 0.000224 3037.4
89345 0.000206 3305.4
89601 0.000175 3911.3
89857 0.000221 3103.7
90113 0.000255 2699.1
90369 0.000271 2540.1
90625 0.002636 262.3
90881 0.007341 94.5
91137 0.001374 506.0
91393 0.000107 6507.7
91649 0.000108 6461.8
91905 0.000107 6527.2
92161 0.000106 6626.9
92417 0.000108 6543.7
92673 0.000108 6526.1
92929 0.000107 6597.7
93185 0.000109 6504.1
93441 0.000117 6111.0
93697 0.000110 6514.7
93953 0.000108 6664.7
94209 0.000109 6566.4
94465 0.000109 6630.3
94721 0.000110 6584.0
94977 0.000111 6539.4
95233 0.000112 6499.6
95489 0.000112 6505.3
95745 0.000112 6537.9
96001 0.000113 6479.3
96257 0.000115 6361.5
96513 0.000114 6484.6
96769 0.000112 6583.8
97025 0.000113 6576.2
97281 0.000111 6667.4
97537 0.000114 6502.2
97793 0.000131 5683.7
98049 0.000161 4640.1
98305 0.000114 6580.7
98561 0.000114 6586.2
98817 0.000116 6518.5
99073 0.000117 6452.7
99329 0.000116 6529.6
99585 0.000121 6257.7
99841 0.000118 6474.8
