1 0.000067 0.1
257 0.000068 28.8
513 0.000068 57.9
769 0.000068 86.6
1025 0.000067 116.3
1281 0.000067 144.8
1537 0.000084 140.4
1793 0.000085 161.6
2049 0.000083 188.6
2305 0.000083 211.8
2561 0.000084 233.6
2817 0.000084 256.9
3073 0.000085 277.3
3329 0.000084 303.1
3585 0.000084 325.2
3841 0.000084 350.8
4097 0.000083 376.2
4353 0.000083 398.9
4609 0.000083 426.2
4865 0.000084 443.3
5121 0.000084 466.8
5377 0.000085 483.6
5633 0.000084 514.2
5889 0.000085 529.8
6145 0.000086 545.5
6401 0.000086 568.6
6657 0.000085 599.1
6913 0.000086 615.1
7169 0.000086 637.8
7425 0.000086 659.5
7681 0.000086 680.2
7937 0.000085 710.8
8193 0.000086 729.1
8449 0.000126 512.4
8705 0.000280 237.4
8961 0.000141 483.8
9217 0.000156 449.9
9473 0.000162 446.4
9729 0.002861 25.9
9985 0.004081 18.7
10241 0.003124 25.0
10497 0.000113 706.9
10753 0.000113 728.0
11009 0.000111 753.6
11265 0.000112 770.3
11521 0.000112 786.8
11777 0.000111 806.2
12033 0.000112 823.0
12289 0.000111 841.3
12545 0.000111 858.4
12801 0.000112 873.0
13057 0.000113 884.2
13313 0.000112 910.8
13569 0.000113 918.4
13825 0.000112 945.2
14081 0.000113 952.7
14337 0.000112 973.8
14593 0.000113 985.2
14849 0.000113 1003.5
15105 0.000113 1022.4
15361 0.000113 1035.6
15617 0.000112 1066.3
15873 0.000111 1087.8
16129 0.000113 1091.0
16385 0.000112 1119.4
16641 0.000113 1125.6
16897 0.000114 1134.7
17153 0.000112 1163.9
17409 0.000112 1188.8
17665 0.000113 1196.6
17921 0.000114 1198.0
18177 0.000112 1233.1
18433 0.000113 1246.9
18689 0.000113 1266.2
18945 0.000113 1283.7
19201 0.000113 1300.0
19457 0.000113 1313.7
19713 0.000114 1323.5
19969 0.000113 1354.1
20225 0.000114 1350.5
20481 0.000114 1364.9
20737 0.000113 1398.0
20993 0.000113 1415.6
21249 0.000114 1418.6
21505 0.000115 1431.5
21761 0.000113 1467.4
22017 0.000114 1469.1
22273 0.000114 1492.0
22529 0.000113 1519.9
22785 0.000115 1513.4
23041 0.000115 1531.2
23297 0.000115 1547.2
23553 0.000114 1570.6
23809 0.000114 1593.4
24065 0.000114 1607.9
24321 0.000115 1607.4
24577 0.000117 1598.8
24833 0.000116 1628.5
25089 0.000117 1634.1
25345 0.000116 1660.6
25601 0.000117 1670.1
25857 0.000117 1691.0
26113 0.000116 1710.3
26369 0.000118 1704.4
26625 0.000116 1749.9
26881 0.000117 1752.2
27137 0.000117 1764.1
27393 0.000118 1776.7
27649 0.000117 1795.3
27905 0.000118 1809.8
28161 0.000118 1827.0
28417 0.000121 1799.1
28673 0.000118 1849.2
28929 0.000118 1875.5
29185 0.000118 1890.3
29441 0.000119 1890.3
29697 0.000116 1949.1
29953 0.000117 1955.8
30209 0.002012 114.5
30465 0.008208 28.3
30721 0.000896 261.6
30977 0.000119 1981.0
31233 0.000120 1979.3
31489 0.000119 2011.8
31745 0.000119 2028.2
32001 0.000119 2054.7
32257 0.000119 2061.2
32513 0.000119 2091.9
32769 0.000119 2098.6
33025 0.000118 2128.0
33281 0.000119 2130.0
33537 0.000119 2158.8
33793 0.000120 2154.4
34049 0.000119 2182.4
34305 0.000121 2155.5
34561 0.000121 2174.2
34817 0.000121 2195.4
35073 0.000120 2221.8
35329 0.000121 2227.7
35585 0.000122 2234.1
35841 0.000121 2255.2
36097 0.000123 2241.7
36353 0.000121 2283.7
36609 0.000121 2300.6
36865 0.000129 2187.4
37121 0.000122 2323.1
37377 0.000122 2332.0
37633 0.000123 2332.8
37889 0.000122 2367.2
38145 0.000123 2374.2
38401 0.000122 2399.3
38657 0.000123 2399.2
38913 0.000122 2429.2
39169 0.000123 2431.9
39425 0.000123 2451.1
39681 0.000210 1443.4
39937 0.000124 2448.3
40193 0.000125 2448.8
40449 0.000126 2455.2
40705 0.000125 2494.0
40961 0.000124 2522.2
41217 0.000123 2546.5
41473 0.000124 2544.3
41729 0.000123 2587.0
41985 0.000124 2579.1
42241 0.000124 2600.4
42497 0.000125 2599.5
42753 0.000125 2617.0
43009 0.000124 2642.6
43265 0.000124 2666.7
43521 0.000126 2641.5
43777 0.000125 2663.5
44033 0.000126 2670.5
44289 0.000126 2689.7
44545 0.000125 2723.5
44801 0.000126 2706.2
45057 0.000127 2716.0
45313 0.000126 2752.0
45569 0.000125 2783.0
45825 0.000125 2800.5
46081 0.000125 2811.2
46337 0.000124 2854.3
46593 0.000125 2847.6
46849 0.000126 2836.8
47105 0.000125 2865.1
47361 0.000125 2879.6
47617 0.000124 2922.3
47873 0.000125 2930.4
48129 0.000128 2861.6
48385 0.000126 2934.9
48641 0.000125 2980.7
48897 0.000447 833.9
49153 0.009932 37.8
49409 0.001092 345.2
49665 0.000249 1521.4
49921 0.000238 1597.6
50177 0.000257 1490.5
50433 0.000355 1084.7
50689 0.000215 1798.1
50945 0.000342 1135.1
51201 0.000462 845.8
51457 0.000140 2795.7
51713 0.000141 2807.2
51969 0.000188 2103.5
52225 0.000145 2742.4
52481 0.000204 1958.1
52737 0.000218 1847.6
52993 0.000158 2562.1
53249 0.000166 2448.2
53505 0.000158 2580.1
53761 0.000146 2808.5
54017 0.000146 2819.7
54273 0.000363 1142.3
54529 0.000206 2024.1
54785 0.000144 2893.6
55041 0.000136 3087.4
55297 0.000156 2705.8
55553 0.000146 2899.2
55809 0.000239 1781.6
56065 0.000134 3203.0
56321 0.000172 2500.4
56577 0.000162 2659.2
56833 0.000137 3169.8
57089 0.000136 3205.4
57345 0.000245 1784.4
57601 0.000177 2481.6
57857 0.000135 3275.9
58113 0.000241 1839.9
58369 0.000181 2455.6
58625 0.000208 2153.4
58881 0.000155 2894.8
59137 0.000147 3068.0
59393 0.000203 2235.8
59649 0.000166 2742.3
59905 0.000300 1523.6
60161 0.000240 1916.2
60417 0.007180 64.2
60673 0.004051 114.3
60929 0.000144 3226.2
61185 0.000157 2967.1
61441 0.000248 1889.3
61697 0.000142 3315.2
61953 0.000150 3155.1
62209 0.000322 1473.8
62465 0.000133 3578.8
62721 0.000133 3598.7
62977 0.000132 3631.5
63233 0.000131 3681.3
63489 0.000131 3695.0
63745 0.000132 3693.1
64001 0.000132 3709.5
64257 0.000134 3652.6
64513 0.000131 3770.8
64769 0.000132 3745.4
65025 0.000132 3765.2
65281 0.000132 3774.5
65537 0.000131 3811.6
65793 0.000131 3828.0
66049 0.000132 3812.6
66305 0.000132 3844.8
66561 0.000133 3822.2
66817 0.000132 3860.7
67073 0.000132 3879.4
67329 0.000132 3901.9
67585 0.000132 3915.8
67841 0.000132 3909.5
68097 0.000131 3963.2
68353 0.000132 3962.1
68609 0.000132 3964.8
68865 0.000133 3952.4
69121 0.000132 3996.3
69377 0.000132 3998.7
69633 0.000132 4016.5
69889 0.000132 4048.5
70145 0.000132 4060.9
70401 0.000132 4082.8
70657 0.000131 4120.2
70913 0.000132 4096.8
71169 0.000132 4100.0
71425 0.000132 4139.5
71681 0.000132 4147.7
71937 0.000132 4164.1
72193 0.000133 4135.7
72449 0.000132 4198.8
72705 0.000132 4205.9
72961 0.000159 3508.1
73217 0.000132 4243.8
73473 0.000132 4253.5
73729 0.000132 4267.7
73985 0.000133 4249.0
74241 0.000131 4318.5
74497 0.000132 4312.9
74753 0.000131 4343.5
75009 0.000133 4316.8
75265 0.000132 4341.2
75521 0.000133 4323.1
75777 0.000132 4374.6
76033 0.000133 4355.1
76289 0.000132 4402.1
76545 0.000132 4419.5
76801 0.000132 4446.8
77057 0.000133 4436.9
77313 0.007698 76.6
77569 0.003348 176.8
77825 0.000137 4321.5
78081 0.000136 4389.0
78337 0.000135 4413.5
78593 0.000134 4471.2
78849 0.000135 4461.5
79105 0.000134 4490.1
79361 0.000134 4511.3
79617 0.000135 4491.1
79873 0.000134 4546.4
80129 0.000134 4552.9
80385 0.000134 4564.1
80641 0.000135 4560.0
80897 0.000134 4611.7
81153 0.000135 4578.3
81409 0.000134 4634.8
81665 0.000134 4641.5
81921 0.000134 4650.9
82177 0.000134 4687.4
82433 0.000134 4681.0
82689 0.000134 4696.5
82945 0.000134 4728.1
83201 0.000135 4698.5
83457 0.000135 4725.9
83713 0.000184 3473.8
83969 0.000135 4730.4
84225 0.000135 4776.8
84481 0.000135 4757.7
84737 0.000135 4798.0
84993 0.000136 4778.1
85249 0.000135 4832.5
85505 0.000135 4849.6
85761 0.000135 4851.6
86017 0.000147 4456.8
86273 0.000147 4475.1
86529 0.000147 4489.4
86785 0.000147 4506.0
87041 0.000148 4484.3
87297 0.000147 4523.9
87553 0.000147 4541.2
87809 0.000146 4597.4
88065 0.000149 4515.7
88321 0.000147 4587.7
88577 0.000147 4581.8
88833 0.000148 4588.8
89089 0.000147 4635.8
89345 0.000148 4613.4
89601 0.000147 4653.5
89857 0.000149 4599.9
90113 0.000147 4679.1
90369 0.000147 4692.1
90625 0.000148 4665.8
90881 0.000146 4737.1
91137 0.000146 4750.7
91393 0.000147 4751.9
91649 0.000148 4739.1
91905 0.000147 4769.6
92161 0.000149 4706.9
92417 0.000147 4793.4
92673 0.000146 4830.4
92929 0.000149 4768.9
93185 0.000148 4788.5
93441 0.000149 4785.4
93697 0.001684 424.5
93953 0.008441 84.9
94209 0.000905 794.4
94465 0.000127 5675.5
94721 0.000128 5654.8
94977 0.000127 5706.1
95233 0.000126 5750.1
95489 0.000126 5803.4
95745 0.000126 5806.6
96001 0.000126 5823.9
96257 0.000127 5761.8
96513 0.000126 5853.4
96769 0.000126 5871.1
97025 0.000127 5829.3
97281 0.000126 5891.7
97537 0.000126 5916.7
97793 0.000127 5887.5
98049 0.000126 5924.5
98305 0.000126 5950.9
98561 0.000126 5987.0
98817 0.000126 5995.0
99073 0.000126 6004.7
99329 0.000126 6003.1
99585 0.000126 6032.9
99841 0.000126 6032.7
