1 0.000001 12.6
257 0.000001 3073.2
513 0.000001 5837.8
769 0.000001 8105.4
1025 0.000001 10126.6
1281 0.000001 11745.6
1537 0.000001 13497.3
1793 0.000001 15027.8
2049 0.000001 16137.8
2305 0.000001 16593.9
2561 0.000001 17944.4
2817 0.000001 19114.5
3073 0.000001 20003.3
3329 0.000001 20924.8
3585 0.000001 21471.1
3841 0.000001 21854.9
4097 0.000001 22643.2
4353 0.000001 24037.3
4609 0.000001 24174.4
4865 0.000002 24636.8
5121 0.000002 25533.2
5377 0.000002 26561.3
5633 0.000002 26823.8
5889 0.000002 25476.3
6145 0.000002 27840.9
6401 0.000002 29828.5
6657 0.000002 27687.0
6913 0.000002 29617.9
7169 0.000002 28958.3
7425 0.000002 29973.5
7681 0.000002 28507.5
7937 0.000002 31213.5
8193 0.000002 31159.5
8449 0.000002 30612.3
8705 0.000002 31211.2
8961 0.000002 30833.5
9217 0.000002 31906.5
9473 0.000002 31491.4
9729 0.000002 32118.8
9985 0.000002 32356.5
10241 0.000002 31702.8
10497 0.000002 32416.9
10753 0.000002 33375.0
11009 0.000003 33516.1
11265 0.000003 32599.0
11521 0.000003 34371.8
11777 0.000003 34034.5
12033 0.000003 32795.8
12289 0.000003 33714.7
12545 0.000003 33948.4
12801 0.000003 33628.8
13057 0.000003 34027.5
13313 0.000003 34793.9
13569 0.000003 34901.4
13825 0.000003 34334.5
14081 0.000003 35752.8
14337 0.000003 35102.1
14593 0.000003 35852.3
14849 0.000003 34759.9
15105 0.000003 35913.5
15361 0.000003 36349.3
15617 0.000003 34663.5
15873 0.000003 35490.2
16129 0.000003 35639.3
16385 0.000004 34456.2
16641 0.000004 35491.3
16897 0.000004 36138.5
17153 0.000004 36566.2
17409 0.000004 36389.6
17665 0.000004 36747.1
17921 0.000004 37211.9
18177 0.000004 37370.0
18433 0.000004 37640.0
18689 0.000004 35914.5
18945 0.000004 37108.4
19201 0.000004 36730.8
19457 0.000004 36867.8
19713 0.000004 37503.9
19969 0.000004 37826.8
20225 0.000004 36762.3
20481 0.000004 37748.6
20737 0.000004 37680.1
20993 0.000004 35816.6
21249 0.000004 37397.9
21505 0.000005 36414.4
21761 0.000004 37230.1
22017 0.000005 37085.2
22273 0.000005 36708.7
22529 0.000005 36821.5
22785 0.000005 37937.5
23041 0.000005 37714.2
23297 0.000005 37078.7
23553 0.000005 38187.0
23809 0.000005 38050.6
24065 0.000005 38360.1
24321 0.000005 36118.1
24577 0.000005 38905.0
24833 0.000005 37889.5
25089 0.000005 37347.0
25345 0.000005 37551.6
25601 0.000005 38477.9
25857 0.000005 38751.6
26113 0.000005 38458.0
26369 0.000005 38019.6
26625 0.000005 38643.0
26881 0.000006 37120.4
27137 0.000005 38765.4
27393 0.000005 39054.4
27649 0.000005 38906.3
27905 0.000005 39053.6
28161 0.000006 38846.1
28417 0.000006 37601.1
28673 0.000006 39677.2
28929 0.000006 37612.9
29185 0.000006 38531.2
29441 0.000006 38470.8
29697 0.000006 38927.7
29953 0.000006 38064.3
30209 0.000006 38869.6
30465 0.000006 38630.5
30721 0.000006 39274.2
30977 0.000006 38418.1
31233 0.000006 39085.5
31489 0.000006 38407.1
31745 0.000006 39170.2
32001 0.000006 38728.9
32257 0.000006 39047.6
32513 0.000006 38687.2
32769 0.000006 39242.8
33025 0.000006 38969.0
33281 0.000006 39932.2
33537 0.000006 40119.0
33793 0.000006 39860.5
34049 0.000007 38309.8
34305 0.000007 39101.0
34561 0.000007 38819.0
34817 0.000007 39266.4
35073 0.000007 39400.9
35329 0.000007 39828.4
35585 0.000007 39309.6
35841 0.000007 39167.8
36097 0.000007 38861.0
36353 0.000007 39021.1
36609 0.000007 39255.0
36865 0.000007 38579.4
37121 0.000007 39844.1
37377 0.000007 39335.2
37633 0.000007 39877.3
37889 0.000007 39600.5
38145 0.000007 39488.9
38401 0.000007 39570.8
38657 0.000007 40554.2
38913 0.000008 39579.7
39169 0.000008 39789.5
39425 0.000008 39441.0
39681 0.000008 39992.2
39937 0.000008 39932.0
40193 0.000008 39866.6
40449 0.000008 39419.2
40705 0.000008 39596.3
40961 0.000008 39771.6
41217 0.000008 39717.7
41473 0.000008 39532.2
41729 0.000008 40014.6
41985 0.000008 39905.0
42241 0.000008 39871.2
42497 0.000008 39786.5
42753 0.000008 39801.5
43009 0.000008 39926.0
43265 0.000008 39624.5
43521 0.000008 39722.5
43777 0.000008 39659.8
44033 0.000008 40088.1
44289 0.000008 40477.8
44545 0.000008 40856.4
44801 0.000009 39828.6
45057 0.000009 39989.6
45313 0.000009 39852.0
45569 0.000009 40463.1
45825 0.000009 40906.0
46081 0.000009 40233.3
46337 0.000009 40506.6
46593 0.000009 40544.3
46849 0.000009 40125.5
47105 0.000009 40133.1
47361 0.000009 40515.2
47617 0.000009 40667.9
47873 0.000009 40605.8
48129 0.000009 40716.1
48385 0.000009 40374.5
48641 0.000009 40206.4
48897 0.000009 40200.0
49153 0.000009 40191.5
49409 0.000009 39939.6
49665 0.000009 40793.7
49921 0.000009 40484.4
50177 0.000010 40086.5
50433 0.000010 40189.7
50689 0.000010 40138.8
50945 0.000010 40155.7
51201 0.000010 40928.1
51457 0.000010 40608.2
51713 0.000010 40727.9
51969 0.000010 40531.5
52225 0.000010 41233.7
52481 0.000010 41268.8
52737 0.000010 40952.8
52993 0.000010 40527.1
53249 0.000010 40558.1
53505 0.000010 41065.9
53761 0.000010 40860.6
54017 0.000010 40798.3
54273 0.000010 41435.7
54529 0.000010 40515.6
54785 0.000010 40955.0
55041 0.000010 41298.8
55297 0.000010 40558.9
55553 0.000010 41200.9
55809 0.000010 40917.6
56065 0.000010 41745.1
56321 0.000010 41250.4
56577 0.000010 41267.9
56833 0.000011 40859.5
57089 0.000011 40293.1
57345 0.000011 40237.7
57601 0.000011 40365.1
57857 0.000011 40066.3
58113 0.000011 40469.5
58369 0.000011 40522.6
58625 0.000011 40544.6
58881 0.000011 40361.4
59137 0.000011 40458.9
59393 0.000011 40556.0
59649 0.000011 40538.8
59905 0.000011 40875.1
60161 0.000011 40486.9
60417 0.000011 40587.5
60673 0.000011 40992.7
60929 0.000011 40611.7
61185 0.000012 40279.0
61441 0.000011 40813.6
61697 0.000012 40718.2
61953 0.000012 40650.7
62209 0.000012 40545.2
62465 0.000012 40876.1
62721 0.000012 40666.9
62977 0.000012 40545.3
63233 0.000012 40738.8
63489 0.000012 40741.3
63745 0.000012 40682.1
64001 0.000012 40915.6
64257 0.000012 40744.7
64513 0.000012 40873.1
64769 0.000012 40875.8
65025 0.000012 40917.9
65281 0.000012 40685.4
65537 0.000010 48393.6
65793 0.000010 50306.5
66049 0.000010 50582.0
66305 0.000010 50420.9
66561 0.000010 50711.9
66817 0.000010 50531.6
67073 0.000010 50726.4
67329 0.000010 51031.0
67585 0.000010 50977.5
67841 0.000010 50598.1
68097 0.000010 51195.9
68353 0.000010 51430.7
68609 0.000010 51169.7
68865 0.000010 51088.0
69121 0.000010 51281.5
69377 0.000010 51086.5
69633 0.000010 51231.3
69889 0.000010 51268.8
70145 0.000011 50956.6
70401 0.000010 51494.5
70657 0.000011 51211.2
70913 0.000010 51779.0
71169 0.000011 51663.0
71425 0.000011 51176.6
71681 0.000011 51662.0
71937 0.000011 51396.2
72193 0.000011 51831.4
72449 0.000011 52079.4
72705 0.000011 52064.6
72961 0.000011 51098.7
73217 0.000011 52187.2
73473 0.000011 52208.0
73729 0.000011 52086.9
73985 0.000011 52011.7
74241 0.000011 51796.8
74497 0.000011 51694.8
74753 0.000011 52096.1
75009 0.000011 52043.3
75265 0.000011 52442.6
75521 0.000011 52499.8
75777 0.000011 52153.2
76033 0.000011 51977.3
76289 0.000011 51803.7
76545 0.000011 52033.8
76801 0.000011 52055.2
77057 0.000011 51682.5
77313 0.000011 51853.1
77569 0.000011 51930.1
77825 0.000011 51941.8
78081 0.000011 52191.0
78337 0.000011 52019.8
78593 0.000011 52144.4
78849 0.000012 52103.6
79105 0.000012 52109.2
79361 0.000012 52171.5
79617 0.000012 52332.3
79873 0.000012 52568.6
80129 0.000012 52411.5
80385 0.000012 52484.5
80641 0.000012 52526.3
80897 0.000012 52620.2
81153 0.000012 52322.0
81409 0.000012 52625.9
81665 0.000012 52865.1
81921 0.000012 52491.4
82177 0.000012 52357.7
82433 0.000012 52676.0
82689 0.000012 52412.6
82945 0.000012 52580.0
83201 0.000012 52590.2
83457 0.000012 52856.4
83713 0.000012 53118.4
83969 0.000012 52893.9
84225 0.000012 53060.3
84481 0.000012 53052.4
84737 0.000012 53119.4
84993 0.000012 53125.8
85249 0.000012 53104.3
85505 0.000012 53185.1
85761 0.000012 53374.4
86017 0.000012 53442.3
86273 0.000012 53387.8
86529 0.000012 53546.2
86785 0.000012 53456.5
87041 0.000012 53351.3
87297 0.000012 53671.7
87553 0.000012 53552.3
87809 0.000012 53948.1
88065 0.000012 53859.3
88321 0.000012 54086.2
88577 0.000012 54077.3
88833 0.000013 54105.6
89089 0.000013 54071.2
89345 0.000013 54287.3
89601 0.000013 54162.1
89857 0.000013 54322.0
90113 0.000013 54324.8
90369 0.000013 54437.1
90625 0.000013 54426.4
90881 0.000013 54457.5
91137 0.000013 54368.6
91393 0.000013 54490.8
91649 0.000013 54557.0
91905 0.000013 54606.8
92161 0.000013 54667.6
92417 0.000013 54876.4
92673 0.000013 54817.8
92929 0.000013 54666.1
93185 0.000013 54885.3
93441 0.000013 54802.1
93697 0.000013 54817.6
93953 0.000013 55037.8
94209 0.000013 55221.1
94465 0.000013 55074.6
94721 0.000013 55232.9
94977 0.000013 55115.0
95233 0.000013 54891.3
95489 0.000013 55252.8
95745 0.000013 55178.5
96001 0.000013 55189.8
96257 0.000013 55329.1
96513 0.000013 55657.2
96769 0.000013 55427.2
97025 0.000013 55808.6
97281 0.000013 55505.9
97537 0.000013 55176.8
97793 0.000013 55710.6
98049 0.000013 55837.6
98305 0.000014 55485.7
98561 0.000013 55757.0
98817 0.000014 55671.6
99073 0.000014 55573.1
99329 0.000014 55720.6
99585 0.000014 55267.4
99841 0.000014 55749.8
