1 0.000068 0.1
257 0.000069 28.6
513 0.000067 58.7
769 0.000069 85.1
1025 0.000068 115.0
1281 0.000067 146.2
1537 0.000084 139.9
1793 0.000087 156.8
2049 0.000084 185.7
2305 0.000084 210.5
2561 0.000091 214.0
2817 0.000084 254.8
3073 0.000083 282.2
3329 0.000083 305.1
3585 0.000084 327.5
3841 0.000083 351.7
4097 0.000084 372.7
4353 0.000084 396.2
4609 0.000083 425.3
4865 0.000084 441.4
5121 0.000086 456.2
5377 0.000085 480.5
5633 0.000085 507.0
5889 0.000084 533.3
6145 0.000086 544.8
6401 0.000085 574.4
6657 0.000086 592.0
6913 0.000085 619.6
7169 0.000086 634.9
7425 0.000086 661.3
7681 0.000086 681.9
7937 0.000202 299.7
8193 0.000136 458.8
8449 0.000122 529.9
8705 0.000184 360.5
8961 0.000201 339.7
9217 0.005502 12.8
9473 0.002670 27.1
9729 0.000902 82.3
9985 0.000885 86.1
10241 0.000110 707.2
10497 0.000110 727.8
10753 0.000112 732.6
11009 0.000110 760.6
11265 0.000110 781.7
11521 0.000110 798.5
11777 0.000110 815.4
12033 0.000110 831.7
12289 0.000110 848.8
12545 0.000110 867.7
12801 0.000111 877.0
13057 0.000112 887.9
13313 0.000112 909.9
13569 0.000111 931.1
13825 0.000111 953.5
14081 0.000111 969.2
14337 0.000112 975.4
14593 0.000112 997.2
14849 0.000111 1016.1
15105 0.000111 1034.0
15361 0.000113 1039.0
15617 0.000112 1062.3
15873 0.000112 1078.3
16129 0.000113 1090.9
16385 0.000114 1095.2
16641 0.000114 1116.1
16897 0.000112 1149.1
17153 0.000114 1152.2
17409 0.000115 1151.9
17665 0.000115 1173.3
17921 0.000114 1195.0
18177 0.000113 1224.3
18433 0.000115 1226.3
18689 0.000115 1244.7
18945 0.000114 1266.2
19201 0.000114 1286.3
19457 0.000115 1290.4
19713 0.000121 1243.8
19969 0.000115 1326.0
20225 0.000115 1347.0
20481 0.000114 1368.2
20737 0.000115 1371.1
20993 0.000121 1328.7
21249 0.000115 1407.8
21505 0.000114 1433.7
21761 0.000116 1431.1
22017 0.000115 1465.6
22273 0.000115 1474.8
22529 0.000115 1500.6
22785 0.000115 1508.3
23041 0.000116 1520.3
23297 0.000116 1537.7
23553 0.000116 1548.2
23809 0.000115 1579.2
24065 0.000115 1597.1
24321 0.000117 1588.1
24577 0.000117 1605.7
24833 0.000116 1631.8
25089 0.000116 1648.2
25345 0.000117 1654.4
25601 0.000116 1680.0
25857 0.000117 1692.8
26113 0.000117 1699.2
26369 0.000117 1720.7
26625 0.000117 1733.9
26881 0.000117 1754.0
27137 0.000118 1753.9
27393 0.000118 1773.8
27649 0.000119 1777.1
27905 0.000116 1827.7
28161 0.000117 1831.2
28417 0.000118 1843.1
28673 0.000119 1841.5
28929 0.000117 1891.2
29185 0.000116 1914.7
29441 0.000117 1927.8
29697 0.000116 1947.5
29953 0.004340 52.7
30209 0.006701 34.4
30465 0.000123 1896.2
30721 0.000118 1979.3
30977 0.000119 1986.3
31233 0.000121 1976.4
31489 0.000119 2014.7
31745 0.000119 2040.2
32001 0.000118 2063.2
32257 0.000118 2083.3
32513 0.000119 2079.7
32769 0.000119 2104.2
33025 0.000119 2121.2
33281 0.000119 2129.0
33537 0.000119 2155.6
33793 0.000119 2169.7
34049 0.000119 2177.6
34305 0.000121 2160.4
34561 0.000121 2180.1
34817 0.000122 2183.1
35073 0.000120 2223.8
35329 0.000121 2232.3
35585 0.000150 1812.9
35841 0.000125 2184.5
36097 0.000123 2241.9
36353 0.000122 2273.0
36609 0.000122 2295.0
36865 0.000121 2325.1
37121 0.000122 2322.2
37377 0.000122 2338.6
37633 0.000122 2355.0
37889 0.000120 2399.6
38145 0.000121 2397.7
38401 0.000121 2418.0
38657 0.000121 2428.0
38913 0.000121 2448.1
39169 0.000122 2447.1
39425 0.000122 2468.2
39681 0.000121 2497.8
39937 0.000122 2490.6
40193 0.000122 2507.5
40449 0.000122 2531.6
40705 0.000121 2563.2
40961 0.000121 2573.1
41217 0.000122 2586.1
41473 0.000122 2593.5
41729 0.000122 2611.6
41985 0.000121 2636.8
42241 0.000124 2606.2
42497 0.000133 2443.1
42753 0.000124 2636.9
43009 0.000124 2651.2
43265 0.000123 2685.8
43521 0.000125 2659.6
43777 0.000124 2687.4
44033 0.000125 2692.2
44289 0.000125 2696.3
44545 0.000126 2696.0
44801 0.000148 2310.5
45057 0.000125 2741.5
45313 0.000125 2767.5
45569 0.000125 2776.6
45825 0.000125 2786.5
46081 0.000129 2729.5
46337 0.000126 2814.8
46593 0.000126 2812.7
46849 0.000128 2799.3
47105 0.000125 2870.3
47361 0.000126 2864.4
47617 0.000126 2880.9
47873 0.000126 2893.1
48129 0.000125 2934.5
48385 0.000126 2925.0
48641 0.000126 2933.7
48897 0.006842 54.5
49153 0.004230 88.7
49409 0.000128 2951.2
49665 0.000127 2987.8
49921 0.000127 3008.0
50177 0.000128 2987.2
50433 0.000128 3014.0
50689 0.000127 3034.7
50945 0.000126 3088.2
51201 0.000127 3083.9
51457 0.000128 3064.6
51713 0.000128 3088.0
51969 0.000127 3118.5
52225 0.000127 3143.8
52481 0.000127 3149.8
52737 0.000127 3175.0
52993 0.000127 3183.8
53249 0.000127 3204.4
53505 0.000127 3214.1
53761 0.000128 3196.8
54017 0.000128 3223.6
54273 0.000127 3254.6
54529 0.000131 3169.8
54785 0.000129 3247.5
55041 0.000128 3279.0
55297 0.000129 3278.8
55553 0.000130 3264.2
55809 0.000129 3299.9
56065 0.000130 3295.1
56321 0.000127 3370.2
56577 0.000128 3372.8
56833 0.000128 3385.2
57089 0.000128 3405.2
57345 0.000127 3433.8
57601 0.000128 3438.6
57857 0.000129 3424.0
58113 0.000129 3446.0
58369 0.000128 3472.1
58625 0.000129 3462.3
58881 0.000128 3513.4
59137 0.000128 3529.3
59393 0.000128 3534.4
59649 0.000129 3531.0
59905 0.000130 3523.5
60161 0.000128 3581.9
60417 0.000129 3583.9
60673 0.000128 3605.1
60929 0.000129 3605.1
61185 0.000129 3606.3
61441 0.000130 3618.4
61697 0.000130 3622.0
61953 0.000130 3634.6
62209 0.000131 3630.1
62465 0.000129 3687.2
62721 0.000130 3694.2
62977 0.000129 3716.1
63233 0.000129 3733.3
63489 0.000130 3738.4
63745 0.000130 3743.9
64001 0.000130 3745.1
64257 0.000130 3757.6
64513 0.000130 3795.8
64769 0.000130 3801.7
65025 0.000130 3828.9
65281 0.000129 3856.7
65537 0.000130 3837.1
65793 0.000131 3829.9
66049 0.000130 3887.9
66305 0.000130 3879.2
66561 0.000131 3886.0
66817 0.002363 215.7
67073 0.008221 62.2
67329 0.000579 887.7
67585 0.000133 3875.8
67841 0.000148 3502.8
68097 0.000133 3919.3
68353 0.000132 3955.4
68609 0.000133 3928.4
68865 0.000132 3968.7
69121 0.000134 3926.9
69377 0.000132 4001.2
69633 0.000132 4021.7
69889 0.000133 4019.3
70145 0.000133 4030.8
70401 0.000132 4075.8
70657 0.000134 4037.5
70913 0.000133 4065.3
71169 0.000133 4082.8
71425 0.000132 4142.6
71681 0.000132 4135.6
71937 0.000132 4158.4
72193 0.000133 4155.9
72449 0.000133 4155.7
72705 0.000134 4146.1
72961 0.000134 4168.3
73217 0.000133 4203.1
73473 0.000134 4173.3
73729 0.000135 4181.0
73985 0.000135 4176.6
74241 0.000134 4215.8
74497 0.000133 4282.2
74753 0.000133 4275.2
75009 0.000134 4267.5
75265 0.000133 4309.2
75521 0.000133 4334.3
75777 0.000133 4348.8
76033 0.000133 4358.9
76289 0.000133 4361.2
76545 0.000135 4336.3
76801 0.000134 4388.0
77057 0.000134 4380.0
77313 0.000134 4413.6
77569 0.000133 4447.8
77825 0.000134 4442.9
78081 0.000137 4363.5
78337 0.000137 4351.7
78593 0.000140 4291.3
78849 0.000135 4455.9
79105 0.000137 4419.3
79361 0.000138 4383.9
79617 0.000138 4409.6
79873 0.000138 4428.6
80129 0.000139 4389.1
80385 0.000282 2174.5
80641 0.000166 3700.5
80897 0.000275 2246.7
81153 0.000141 4381.0
81409 0.000136 4563.6
81665 0.000137 4558.2
81921 0.000137 4565.0
82177 0.000143 4385.6
82433 0.000139 4518.8
82689 0.000228 2767.3
82945 0.000223 2832.4
83201 0.006197 102.4
83457 0.004952 128.6
83713 0.000155 4127.9
83969 0.000156 4100.9
84225 0.000231 2782.5
84481 0.000317 2034.5
84737 0.000247 2615.9
84993 0.000374 1733.3
85249 0.000259 2507.8
85505 0.000260 2505.8
85761 0.000366 1786.9
86017 0.000259 2531.5
86273 0.000281 2341.2
86529 0.000260 2537.4
86785 0.000194 3420.6
87041 0.000198 3361.3
87297 0.000164 4051.8
87553 0.000165 4056.1
87809 0.000165 4060.1
88065 0.000164 4107.0
88321 0.000169 3994.8
88577 0.000216 3125.9
88833 0.000158 4282.2
89089 0.000331 2053.5
89345 0.000166 4094.6
89601 0.000174 3927.5
89857 0.000154 4442.5
90113 0.000169 4079.5
90369 0.000195 3533.1
90625 0.000168 4120.1
90881 0.000187 3700.1
91137 0.000188 3691.6
91393 0.000190 3665.9
91649 0.000197 3557.5
91905 0.000167 4198.1
92161 0.000173 4056.3
92417 0.000160 4403.8
92673 0.000184 3852.1
92929 0.000185 3830.2
93185 0.000181 3921.2
93441 0.000160 4444.5
93697 0.000171 4180.9
93953 0.000173 4141.0
94209 0.000225 3191.2
94465 0.000155 4659.0
94721 0.008408 85.9
94977 0.002631 275.4
95233 0.000129 5618.2
95489 0.000128 5684.7
95745 0.000127 5734.3
96001 0.000127 5778.7
96257 0.000127 5782.9
96513 0.000125 5878.9
96769 0.000126 5860.8
97025 0.000126 5857.8
97281 0.000126 5882.3
97537 0.000127 5876.4
97793 0.000127 5871.4
98049 0.000126 5917.6
98305 0.000126 5941.0
98561 0.000127 5943.2
98817 0.000129 5826.5
99073 0.000126 5984.1
99329 0.000127 5986.7
99585 0.000126 6027.3
99841 0.000128 5967.6
