1 0.000657 0.0
513 0.000572 6.8
1025 0.000920 8.5
1537 0.002251 5.2
2049 0.000469 33.3
2561 0.001611 12.1
3073 0.000588 39.8
3585 0.001472 18.6
4097 0.000610 51.2
4609 0.001276 27.5
5121 0.000638 61.2
5633 0.001174 36.6
6145 0.000629 74.5
6657 0.001564 32.5
7169 0.001529 35.8
7681 0.000620 94.5
8193 0.001515 41.3
8705 0.000636 104.4
9217 0.001602 43.9
9729 0.001387 53.5
10241 0.000797 98.0
10753 0.001559 52.6
11265 0.000583 147.5
11777 0.001550 58.0
12289 0.000654 143.4
12801 0.001576 62.0
13313 0.001506 67.4
13825 0.000571 184.8
14337 0.001784 61.3
14849 0.000585 193.7
15361 0.001518 77.2
15873 0.001615 75.0
16385 0.000713 175.4
16897 0.001492 86.4
17409 0.000589 225.4
17921 0.001488 91.9
18433 0.000581 242.0
18945 0.001484 97.4
19457 0.001101 134.8
19969 0.000984 154.8
20481 0.001500 104.2
20993 0.000567 282.5
21505 0.001499 109.5
22017 0.000600 279.9
22529 0.001550 110.9
23041 0.000572 307.5
23553 0.001600 112.3
24065 0.001673 109.7
24577 0.000618 303.4
25089 0.001596 119.9
25601 0.000653 299.1
26113 0.001618 123.1
26625 0.001590 127.7
27137 0.000597 346.7
27649 0.001657 127.3
28161 0.001793 119.8
28673 0.000582 375.9
29185 0.001610 138.3
29697 0.001514 149.6
30209 0.000754 305.9
30721 0.001582 148.2
31233 0.000684 348.3
31745 0.001573 154.0
32257 0.001690 145.6
32769 0.000684 365.5
33281 0.001569 161.8
33793 0.001617 159.4
34305 0.000648 403.9
34817 0.001608 165.1
35329 0.000758 355.6
35841 0.001546 176.9
36353 0.001596 173.8
36865 0.000698 402.7
37377 0.001724 165.4
37889 0.001634 176.9
38401 0.000690 424.7
38913 0.001564 189.8
39425 0.001568 191.8
39937 0.000655 465.1
40449 0.001561 197.7
40961 0.000696 449.1
41473 0.001568 201.7
41985 0.001573 203.6
42497 0.000655 494.7
43009 0.001557 210.7
43521 0.000658 504.4
44033 0.001603 209.6
44545 0.001571 216.3
45057 0.000632 543.8
45569 0.001510 230.3
46081 0.000748 470.2
46593 0.001473 241.3
47105 0.001624 221.3
47617 0.000672 540.8
48129 0.001701 215.9
48641 0.001683 220.5
49153 0.000679 552.6
49665 0.001756 215.8
50177 0.001573 243.3
50689 0.000697 555.0
51201 0.001671 233.8
51713 0.001720 229.3
52225 0.001667 239.1
52737 0.000641 627.5
53249 0.001566 259.5
53761 0.000721 569.2
54273 0.001601 258.7
54785 0.001607 260.2
55297 0.000717 588.2
55809 0.001612 264.2
56321 0.001584 271.3
56833 0.000739 586.8
57345 0.001702 257.0
57857 0.001648 267.9
58369 0.000763 583.3
58881 0.001688 266.1
59393 0.001741 260.2
59905 0.000991 461.1
60417 0.001425 323.4
60929 0.001674 277.6
61441 0.001685 278.2
61953 0.000809 584.3
62465 0.001614 295.2
62977 0.001629 294.9
63489 0.000745 650.0
64001 0.001501 325.2
64513 0.000827 595.4
65025 0.001483 334.6
65537 0.001674 298.7
66049 0.000819 614.9
66561 0.001437 353.5
67073 0.001494 342.5
67585 0.000743 694.1
68097 0.001619 320.8
68609 0.001663 314.8
69121 0.000690 764.7
69633 0.001564 339.6
70145 0.001104 484.8
70657 0.001230 438.1
71169 0.001725 314.7
71681 0.001631 335.3
72193 0.000622 884.9
72705 0.001480 374.8
73217 0.000645 865.4
73729 0.001545 364.0
74241 0.001293 438.2
74753 0.001044 546.4
75265 0.001603 358.3
75777 0.001841 314.1
76289 0.000699 832.4
76801 0.001612 363.5
77313 0.001555 379.4
77825 0.000678 875.6
78337 0.001579 378.6
78849 0.000747 805.3
79361 0.001550 390.5
79873 0.001627 374.5
80385 0.000759 808.1
80897 0.001625 379.7
81409 0.001657 374.9
81921 0.000728 859.0
82433 0.001627 386.6
82945 0.001682 376.3
83457 0.000750 849.3
83969 0.001584 404.5
84481 0.001567 411.2
84993 0.000732 886.3
85505 0.001567 416.4
86017 0.001324 495.7
86529 0.000972 679.3
87041 0.001668 398.2
87553 0.001566 426.5
88065 0.000798 842.1
88577 0.001744 387.6
89089 0.001643 413.7
89601 0.000814 839.5
90113 0.001624 423.3
90625 0.001674 412.9
91137 0.001502 462.9
91649 0.000939 744.3
92161 0.001677 419.2
92673 0.001672 423.0
93185 0.001073 662.5
93697 0.001454 491.5
94209 0.001825 393.8
94721 0.001820 397.1
95233 0.001233 589.1
95745 0.001276 572.4
96257 0.001741 421.8
96769 0.001468 503.0
97281 0.002466 301.0
97793 0.001621 460.1
98305 0.000827 907.4
98817 0.001632 462.0
99329 0.001710 443.1
99841 0.000874 871.7
100353 0.001443 530.4
100865 0.001648 466.9
101377 0.000681 1135.6
101889 0.001740 446.9
102401 0.001623 481.2
102913 0.000671 1170.3
103425 0.001735 454.7
103937 0.001724 459.8
104449 0.001347 591.7
104961 0.001063 753.2
105473 0.001931 416.6
105985 0.001263 640.4
106497 0.001622 500.8
107009 0.001385 589.6
107521 0.001711 479.4
108033 0.001556 529.6
108545 0.001814 456.5
109057 0.000991 839.8
109569 0.002030 411.8
110081 0.001510 556.2
110593 0.001633 516.6
111105 0.001507 562.4
111617 0.001831 465.1
112129 0.001632 524.3
112641 0.000738 1164.0
113153 0.001768 488.3
113665 0.001743 497.5
114177 0.001684 517.4
114689 0.000941 929.7
115201 0.001594 551.3
115713 0.001656 533.1
116225 0.002108 420.7
116737 0.001902 468.2
117249 0.001497 597.7
117761 0.001793 501.0
118273 0.001617 557.9
118785 0.000757 1196.9
119297 0.001618 562.5
119809 0.001619 564.5
120321 0.000702 1308.6
120833 0.001566 588.7
121345 0.001679 551.5
121857 0.000690 1347.7
122369 0.001659 562.7
122881 0.001538 609.5
123393 0.000755 1246.1
123905 0.001617 584.5
124417 0.001490 637.2
124929 0.000788 1209.7
125441 0.001395 686.3
125953 0.000809 1188.5
126465 0.001545 624.4
126977 0.001490 650.3
127489 0.000828 1174.0
128001 0.001536 635.9
128513 0.001331 736.9
129025 0.000936 1051.6
129537 0.001441 686.0
130049 0.000767 1294.0
130561 0.001630 611.0
131073 0.002269 440.7
131585 0.002084 481.7
132097 0.002098 480.3
132609 0.002940 344.2
133121 0.002125 478.0
133633 0.002424 420.6
134145 0.002207 463.6
134657 0.002628 390.9
135169 0.003183 324.0
135681 0.002260 458.0
136193 0.002274 456.9
136705 0.003364 310.0
137217 0.002094 499.9
137729 0.002239 469.4
138241 0.002264 465.8
138753 0.003147 336.3
139265 0.002294 463.1
139777 0.002332 457.3
140289 0.002221 481.9
140801 0.003326 323.0
141313 0.002423 444.9
141825 0.002274 475.9
142337 0.002069 524.9
142849 0.003119 349.4
143361 0.002215 493.9
143873 0.002253 487.2
144385 0.002141 514.4
144897 0.002113 523.3
145409 0.002193 505.9
145921 0.003179 350.2
146433 0.002128 525.1
146945 0.002218 505.4
147457 0.002211 508.7
147969 0.002177 518.6
148481 0.003419 331.3
148993 0.002456 462.9
149505 0.003258 350.1
150017 0.002140 534.9
150529 0.002246 511.2
151041 0.002262 509.5
151553 0.002298 503.1
152065 0.003416 339.6
152577 0.002286 509.2
153089 0.002196 531.9
153601 0.002564 457.0
154113 0.002762 425.7
154625 0.002185 539.8
155137 0.002210 535.5
155649 0.002331 509.5
156161 0.003148 378.5
156673 0.002478 482.4
157185 0.002375 505.0
157697 0.003330 361.3
158209 0.002582 467.5
158721 0.003596 336.8
159233 0.002287 531.1
159745 0.002177 559.8
160257 0.002444 500.3
160769 0.003002 408.6
161281 0.003268 376.5
161793 0.002871 430.0
162305 0.002248 550.9
162817 0.002260 549.7
163329 0.003292 378.5
163841 0.002546 490.9
164353 0.003355 373.7
164865 0.002619 480.4
165377 0.003772 334.5
165889 0.003531 358.5
166401 0.002663 476.7
166913 0.003576 356.1
167425 0.002668 478.7
167937 0.003420 374.6
168449 0.002636 487.6
168961 0.003576 360.4
169473 0.003686 350.8
169985 0.002318 559.4
170497 0.002377 547.3
171009 0.003487 374.2
171521 0.002421 540.5
172033 0.003184 412.3
172545 0.002324 566.5
173057 0.002271 581.4
173569 0.002254 587.6
174081 0.003165 419.6
174593 0.002315 575.4
175105 0.002462 542.6
175617 0.003633 368.8
176129 0.002742 490.0
176641 0.003231 417.1
177153 0.002416 559.5
177665 0.002875 471.4
178177 0.002653 512.4
178689 0.002255 604.6
179201 0.002309 592.2
179713 0.003209 427.3
180225 0.002279 603.3
180737 0.002482 555.6
181249 0.004139 334.1
181761 0.003240 428.1
182273 0.003983 349.1
182785 0.002624 531.4
183297 0.002351 594.8
183809 0.003035 462.0
184321 0.002300 611.3
184833 0.002275 619.8
185345 0.002235 632.6
185857 0.003230 439.0
186369 0.002271 626.0
186881 0.002383 598.4
187393 0.003145 454.7
187905 0.002549 562.5
188417 0.003593 400.0
188929 0.002620 550.2
189441 0.003405 424.5
189953 0.002305 628.7
190465 0.002241 648.4
190977 0.003313 439.9
191489 0.002650 551.3
192001 0.003505 417.9
192513 0.002638 556.8
193025 0.003791 388.5
193537 0.003654 404.1
194049 0.002644 559.9
194561 0.003623 409.8
195073 0.002472 602.1
195585 0.003382 441.2
196097 0.002475 604.6
196609 0.003520 426.1
197121 0.002503 600.8
197633 0.003404 442.9
198145 0.002365 639.3
198657 0.002766 547.9
199169 0.003219 472.1
199681 0.002491 611.6
