1 0.000070 0.1
513 0.000070 56.0
1025 0.000119 65.8
1537 0.001375 8.5
2049 0.000082 191.5
2561 0.000076 255.7
3073 0.000078 301.4
3585 0.000078 350.8
4097 0.000078 402.3
4609 0.000078 450.8
5121 0.001496 26.1
5633 0.000079 546.4
6145 0.000085 549.8
6657 0.000085 595.5
7169 0.000087 630.5
7681 0.000102 572.9
8193 0.000102 610.5
8705 0.001514 43.9
9217 0.000103 680.1
9729 0.000101 738.4
10241 0.000101 777.4
10753 0.000101 815.6
11265 0.000122 703.4
11777 0.001490 60.3
12289 0.000103 911.0
12801 0.000101 964.9
13313 0.000102 995.7
13825 0.000102 1036.0
14337 0.001332 82.1
14849 0.000277 408.5
15361 0.000103 1137.6
15873 0.000104 1166.5
16385 0.000103 1211.9
16897 0.000103 1248.1
17409 0.001513 87.8
17921 0.000104 1313.1
18433 0.000107 1316.1
18945 0.000106 1368.6
19457 0.000104 1431.7
19969 0.000104 1462.4
20481 0.001513 103.3
20993 0.000105 1526.3
21505 0.000106 1554.3
22017 0.000105 1598.7
22529 0.000104 1646.2
23041 0.000498 352.8
23553 0.001225 146.6
24065 0.000173 1062.0
24577 0.000143 1311.9
25089 0.000214 895.6
25601 0.001544 126.5
26113 0.000406 490.7
26625 0.000108 1884.0
27137 0.000108 1920.5
27649 0.000108 1956.8
28161 0.001648 130.4
28673 0.000109 2003.2
29185 0.000109 2039.3
29697 0.000109 2086.4
30209 0.001643 140.2
30721 0.000110 2122.2
31233 0.000109 2193.0
31745 0.000109 2224.2
32257 0.001645 149.6
32769 0.000110 2274.9
33281 0.000109 2326.5
33793 0.000109 2370.7
34305 0.000452 579.4
34817 0.001301 204.2
35329 0.000114 2358.8
35841 0.000112 2450.7
36353 0.000112 2483.5
36865 0.000194 1453.5
37377 0.000207 1377.8
37889 0.001340 215.7
38401 0.000354 827.3
38913 0.000112 2661.7
39425 0.000113 2666.1
39937 0.000112 2723.3
40449 0.000112 2762.8
40961 0.001519 205.8
41473 0.000114 2783.4
41985 0.000114 2820.3
42497 0.000114 2844.8
43009 0.000118 2789.1
43521 0.001515 219.1
44033 0.000116 2906.5
44545 0.000116 2926.6
45057 0.000115 2983.6
45569 0.000115 3021.8
46081 0.001517 231.7
46593 0.000115 3103.2
47105 0.000115 3119.2
47617 0.000116 3139.2
48129 0.000116 3173.4
48641 0.000529 701.3
49153 0.001102 340.2
49665 0.000120 3145.8
50177 0.000143 2680.7
50689 0.000338 1143.9
51201 0.001397 279.6
51713 0.000181 2174.5
52225 0.000146 2720.5
52737 0.000207 1947.4
53249 0.000214 1902.1
53761 0.001729 237.2
54273 0.000118 3517.9
54785 0.000118 3545.8
55297 0.000119 3535.4
55809 0.000170 2501.2
56321 0.000374 1150.0
56833 0.001568 276.6
57345 0.000119 3676.3
57857 0.000119 3721.0
58369 0.000119 3743.5
58881 0.000119 3772.3
59393 0.001522 297.8
59905 0.000120 3822.2
60417 0.000120 3851.6
60929 0.000119 3896.8
61441 0.000120 3911.3
61953 0.001529 309.2
62465 0.000121 3952.6
62977 0.000121 3982.6
63489 0.000121 4017.4
64001 0.000121 4051.8
64513 0.001529 321.9
65025 0.000120 4149.5
65537 0.000120 4175.7
66049 0.000121 4171.9
66561 0.000121 4180.0
67073 0.001534 333.5
67585 0.000122 4242.6
68097 0.000125 4145.0
68609 0.000121 4326.2
69121 0.000121 4366.3
69633 0.001537 345.5
70145 0.000122 4404.2
70657 0.000122 4427.6
71169 0.000125 4359.9
71681 0.000386 1417.4
72193 0.001263 436.0
72705 0.000127 4375.5
73217 0.000122 4588.0
73729 0.000123 4580.5
74241 0.001536 368.7
74753 0.000125 4565.4
75265 0.000126 4549.9
75777 0.000124 4680.5
76289 0.000123 4733.2
76801 0.001534 382.0
77313 0.000123 4804.5
77825 0.000123 4828.4
78337 0.000123 4854.9
78849 0.000124 4859.3
79361 0.001532 395.2
79873 0.000125 4888.0
80385 0.000125 4909.4
80897 0.000124 4967.5
81409 0.000124 5005.4
81921 0.001540 405.8
82433 0.000125 5036.2
82945 0.000125 5068.1
83457 0.000127 5008.4
83969 0.001447 442.6
84481 0.000203 3169.9
84993 0.000125 5192.1
85505 0.000136 4797.5
86017 0.000136 4818.8
86529 0.001538 429.2
87041 0.000113 5855.6
87553 0.000113 5889.4
88065 0.000114 5916.6
88577 0.000114 5953.4
89089 0.001534 443.2
89601 0.000114 5996.6
90113 0.000114 6025.5
90625 0.000114 6080.2
91137 0.000114 6103.6
91649 0.001541 453.7
92161 0.000114 6166.2
92673 0.000114 6197.0
93185 0.000114 6224.3
93697 0.000114 6278.5
94209 0.001545 465.4
94721 0.000115 6284.2
95233 0.000114 6381.8
95745 0.000114 6423.3
96257 0.000114 6415.5
96769 0.001577 468.1
97281 0.000219 3392.9
97793 0.000182 4110.5
98305 0.000220 3402.3
98817 0.001408 535.3
99329 0.000177 4274.7
99841 0.001303 584.7
100353 0.000200 3824.4
100865 0.000167 4611.7
101377 0.000222 3480.4
101889 0.000192 4043.6
102401 0.000191 4087.7
102913 0.001549 507.0
103425 0.000117 6749.9
103937 0.000115 6890.2
104449 0.000115 6926.4
104961 0.000115 6987.6
105473 0.001545 520.7
105985 0.000116 6967.1
106497 0.000116 6993.7
107009 0.000116 7031.6
107521 0.000116 7091.7
108033 0.001528 539.4
108545 0.000119 6934.7
109057 0.000119 6975.6
109569 0.000120 6987.5
110081 0.000134 6256.1
110593 0.000399 2116.8
111105 0.001720 492.7
111617 0.001347 632.1
112129 0.000116 7367.0
112641 0.000120 7171.5
113153 0.000121 7161.5
113665 0.000120 7199.7
114177 0.000483 1804.2
114689 0.001595 548.7
115201 0.000121 7242.5
115713 0.000121 7306.3
116225 0.000121 7322.1
116737 0.001614 551.9
117249 0.000125 7144.4
117761 0.000125 7209.6
118273 0.000126 7161.3
118785 0.001220 742.9
119297 0.000441 2063.4
119809 0.001283 712.4
120321 0.001412 650.2
120833 0.001248 738.7
121345 0.000956 968.7
121857 0.001112 835.7
122369 0.001355 689.0
122881 0.001408 665.7
123393 0.001119 841.1
123905 0.001175 804.7
124417 0.001230 771.9
124929 0.001243 767.0
125441 0.000235 4074.8
125953 0.000397 2420.8
126465 0.001298 743.4
126977 0.000121 7989.6
127489 0.000126 7704.3
128001 0.000129 7548.1
128513 0.000130 7523.0
129025 0.001552 634.3
129537 0.000131 7534.1
130049 0.000131 7586.2
130561 0.000130 7635.2
131073 0.001620 617.2
131585 0.000194 5176.9
132097 0.000193 5208.5
132609 0.001619 624.8
133121 0.000194 5241.5
133633 0.000193 5280.3
134145 0.001619 632.0
134657 0.000195 5266.0
135169 0.000195 5301.8
135681 0.001623 637.8
136193 0.000192 5422.3
136705 0.000194 5387.8
137217 0.001669 627.4
137729 0.000251 4186.6
138241 0.001663 634.2
138753 0.000193 5493.4
139265 0.000195 5460.5
139777 0.001655 644.5
140289 0.000252 4244.6
140801 0.001677 640.6
141313 0.000197 5475.0
141825 0.000197 5482.4
142337 0.001653 656.9
142849 0.000260 4184.2
143361 0.001683 650.0
143873 0.000195 5636.3
144385 0.000195 5649.4
144897 0.001654 668.5
145409 0.000272 4080.2
145921 0.001689 659.0
146433 0.000198 5655.7
146945 0.000198 5653.3
147457 0.001662 677.1
147969 0.000260 4344.7
148481 0.001703 665.3
148993 0.000257 4421.8
149505 0.001060 1076.3
150017 0.000816 1403.4
150529 0.000200 5738.4
151041 0.001657 695.5
151553 0.000260 4454.5
152065 0.001706 680.2
152577 0.000260 4481.9
153089 0.000260 4491.4
153601 0.001655 708.0
154113 0.000201 5841.7
154625 0.001660 710.9
155137 0.000262 4512.0
155649 0.001675 709.2
156161 0.000226 5263.1
156673 0.000205 5836.8
157185 0.001680 713.7
157697 0.000265 4547.0
158209 0.001758 686.5
158721 0.000397 3050.4
159233 0.001718 707.0
159745 0.000268 4540.7
160257 0.001687 724.8
160769 0.000201 6104.0
161281 0.001687 729.6
161793 0.000328 3767.4
162305 0.001970 628.5
162817 0.001696 732.4
163329 0.000206 6043.8
163841 0.000206 6056.5
164353 0.001696 739.2
164865 0.000269 4675.2
165377 0.001722 732.8
165889 0.000257 4916.3
166401 0.001722 737.5
166913 0.000258 4938.7
167425 0.001707 748.3
167937 0.000221 5806.2
168449 0.000216 5940.5
168961 0.001704 756.3
169473 0.000259 5000.1
169985 0.001685 769.5
170497 0.000217 5995.0
171009 0.001681 776.1
171521 0.000262 4989.1
172033 0.001726 760.3
172545 0.000245 5384.0
173057 0.000244 5403.8
173569 0.001710 774.3
174081 0.000244 5441.0
174593 0.001686 790.2
175105 0.000218 6117.3
175617 0.001765 759.2
176129 0.000400 3360.5
176641 0.001668 807.8
177153 0.000213 6348.7
177665 0.001683 805.5
178177 0.000247 5504.8
178689 0.001728 788.9
179201 0.000344 3976.5
179713 0.001741 787.7
180225 0.000217 6331.6
180737 0.001673 824.3
181249 0.000214 6451.6
181761 0.000216 6433.3
182273 0.001691 822.5
182785 0.000252 5534.5
183297 0.001714 815.8
183809 0.000249 5621.4
184321 0.001704 825.1
184833 0.000216 6514.0
185345 0.000219 6463.5
185857 0.001705 831.6
186369 0.000250 5691.8
186881 0.001713 832.5
187393 0.000251 5693.5
187905 0.001693 846.8
188417 0.000217 6639.4
188929 0.000363 3974.0
189441 0.001575 917.8
189953 0.000251 5777.9
190465 0.001689 860.4
190977 0.000226 6443.2
191489 0.001794 814.2
192001 0.000307 4764.9
192513 0.001711 858.5
193025 0.000254 5803.8
193537 0.001720 858.2
194049 0.000254 5828.4
194561 0.001713 866.7
195073 0.000251 5922.3
195585 0.001717 868.9
196097 0.000248 6035.1
196609 0.001706 879.4
197121 0.000253 5942.0
197633 0.001729 872.1
198145 0.000254 5956.9
198657 0.001726 878.3
199169 0.000254 5988.5
199681 0.000651 2341.4
