1 0.000637 0.0
513 0.000682 5.7
1025 0.000621 12.6
1537 0.001598 7.3
2049 0.001507 10.4
2561 0.000457 42.8
3073 0.000508 46.2
3585 0.001471 18.6
4097 0.000517 60.5
4609 0.001532 23.0
5121 0.001798 21.7
5633 0.000593 72.5
6145 0.001562 30.0
6657 0.001738 29.2
7169 0.000627 87.3
7681 0.002151 27.2
8193 0.001710 36.6
8705 0.001604 41.4
9217 0.000624 112.7
9729 0.001510 49.1
10241 0.000645 121.2
10753 0.001549 52.9
11265 0.001623 53.0
11777 0.000572 157.0
12289 0.001549 60.5
12801 0.000655 149.1
13313 0.001554 65.4
13825 0.001591 66.3
14337 0.000582 188.0
14849 0.001584 71.5
15361 0.000576 203.5
15873 0.001549 78.2
16385 0.000641 195.0
16897 0.001571 82.1
17409 0.001604 82.8
17921 0.000753 181.6
18433 0.001576 89.2
18945 0.001643 88.0
19457 0.000777 191.1
19969 0.001576 96.7
20481 0.001592 98.2
20993 0.000788 203.2
21505 0.001593 103.0
22017 0.001559 107.8
22529 0.000658 261.3
23041 0.001602 109.7
23553 0.000645 278.8
24065 0.001561 117.6
24577 0.001785 105.0
25089 0.000685 279.2
25601 0.001560 125.2
26113 0.001565 127.3
26625 0.000648 313.4
27137 0.001596 129.7
27649 0.000638 330.6
28161 0.001569 136.9
28673 0.001618 135.2
29185 0.000635 350.5
29697 0.001622 139.7
30209 0.000690 334.2
30721 0.001562 150.0
31233 0.001622 146.9
31745 0.000681 355.6
32257 0.001802 136.6
32769 0.001792 139.5
33281 0.001624 156.4
33793 0.000689 374.5
34305 0.001597 163.9
34817 0.001409 188.5
35329 0.000836 322.3
35841 0.001571 174.1
36353 0.000686 404.2
36865 0.001568 179.4
37377 0.001658 172.0
37889 0.000677 426.7
38401 0.001573 186.2
38913 0.001662 178.6
39425 0.000672 447.8
39937 0.001624 187.6
40449 0.001673 184.5
40961 0.000693 450.7
41473 0.001751 180.7
41985 0.001751 182.9
42497 0.000713 454.8
43009 0.001684 194.8
43521 0.001708 194.4
44033 0.001464 229.5
44545 0.000988 343.8
45057 0.001622 212.0
45569 0.001689 205.9
46081 0.000697 504.6
46593 0.001629 218.2
47105 0.001671 215.0
47617 0.000695 523.0
48129 0.001667 220.2
48641 0.001651 224.8
49153 0.000710 528.2
49665 0.001707 222.0
50177 0.001627 235.3
50689 0.000736 525.7
51201 0.001656 235.9
51713 0.001693 233.1
52225 0.000756 527.0
52737 0.001669 241.1
53249 0.001629 249.4
53761 0.000740 554.0
54273 0.001637 252.9
54785 0.001848 226.2
55297 0.001909 221.1
55809 0.001685 252.6
56321 0.000744 577.2
56833 0.001682 257.8
57345 0.001663 263.1
57857 0.000767 575.6
58369 0.001667 267.1
58881 0.001652 271.9
59393 0.000802 565.1
59905 0.001627 280.9
60417 0.001674 275.3
60929 0.001047 444.1
61441 0.001364 343.7
61953 0.001713 276.0
62465 0.001715 277.9
62977 0.000676 710.8
63489 0.001721 281.5
64001 0.001760 277.5
64513 0.001627 302.6
65025 0.000866 572.8
65537 0.001687 296.3
66049 0.001730 291.2
66561 0.001672 303.8
67073 0.000911 561.8
67585 0.001625 317.3
68097 0.001687 307.9
68609 0.000818 640.0
69121 0.001654 318.8
69633 0.001626 326.6
70145 0.001086 492.6
70657 0.001438 374.8
71169 0.001737 312.5
71681 0.001680 325.6
72193 0.000801 687.3
72705 0.001712 324.0
73217 0.001628 343.1
73729 0.001201 468.3
74241 0.001260 449.4
74753 0.001678 339.9
75265 0.001686 340.6
75777 0.000805 717.8
76289 0.001910 304.7
76801 0.001681 348.7
77313 0.001703 346.4
77825 0.000756 785.4
78337 0.001692 353.3
78849 0.001687 356.6
79361 0.001693 357.5
79873 0.000811 751.7
80385 0.001677 365.6
80897 0.001713 360.3
81409 0.001712 362.9
81921 0.000813 769.0
82433 0.001639 383.8
82945 0.001731 365.5
83457 0.000779 817.2
83969 0.001682 381.0
84481 0.001843 349.7
84993 0.001807 358.9
85505 0.001808 360.8
86017 0.000969 677.0
86529 0.001672 394.8
87041 0.001797 369.5
87553 0.001687 396.0
88065 0.001746 384.8
88577 0.000856 789.7
89089 0.001731 392.6
89601 0.001683 406.1
90113 0.001785 385.1
90625 0.000862 802.0
91137 0.001677 414.6
91649 0.001740 401.9
92161 0.001700 413.7
92673 0.000855 826.9
93185 0.001723 412.7
93697 0.001667 428.8
94209 0.001685 426.6
94721 0.000796 908.1
95233 0.001676 433.5
95745 0.001759 415.3
96257 0.001338 548.8
96769 0.001735 425.6
97281 0.003928 189.0
97793 0.001503 496.3
98305 0.001083 692.8
98817 0.001567 481.0
99329 0.001718 441.2
99841 0.000821 928.0
100353 0.001604 477.3
100865 0.001734 443.7
101377 0.001274 607.0
101889 0.001221 636.9
102401 0.001709 457.1
102913 0.001736 452.3
103425 0.001388 568.3
103937 0.001288 615.8
104449 0.003144 253.5
104961 0.003188 251.2
105473 0.001707 471.4
105985 0.000869 930.4
106497 0.001684 482.4
107009 0.001678 486.5
107521 0.000742 1104.9
108033 0.002010 410.0
108545 0.002148 385.5
109057 0.002312 359.9
109569 0.001859 449.6
110081 0.002099 400.2
110593 0.002076 406.4
111105 0.001940 436.9
111617 0.002330 365.5
112129 0.001805 474.0
112641 0.001407 610.7
113153 0.002652 325.5
113665 0.001846 469.8
114177 0.001887 461.7
114689 0.001568 558.1
115201 0.001062 828.0
115713 0.001501 588.3
116225 0.001720 515.6
116737 0.000734 1214.1
117249 0.001794 498.7
117761 0.002555 351.6
118273 0.001480 609.8
118785 0.001638 553.2
119297 0.001650 551.5
119809 0.001500 609.4
120321 0.002075 442.4
120833 0.001866 494.1
121345 0.001600 578.5
121857 0.002343 396.8
122369 0.001761 530.1
122881 0.001596 587.5
123393 0.001874 502.3
123905 0.001682 562.0
124417 0.002084 455.6
124929 0.001718 554.9
125441 0.001381 693.0
125953 0.002521 381.2
126465 0.001640 588.2
126977 0.001557 622.3
127489 0.001392 698.8
128001 0.001248 782.6
128513 0.001492 657.2
129025 0.001721 571.9
129537 0.000827 1194.8
130049 0.001561 635.7
130561 0.001522 654.4
131073 0.002248 444.9
131585 0.002333 430.3
132097 0.002366 426.0
132609 0.002084 485.4
133121 0.003120 325.5
133633 0.002121 480.6
134145 0.002193 466.6
134657 0.002115 485.8
135169 0.002183 472.4
135681 0.002168 477.4
136193 0.002304 451.0
136705 0.003079 338.8
137217 0.002514 416.4
137729 0.003311 317.4
138241 0.002241 470.6
138753 0.002256 469.2
139265 0.002143 495.7
139777 0.002248 474.3
140289 0.003446 310.6
140801 0.002240 479.5
141313 0.002250 479.1
141825 0.002135 506.8
142337 0.003091 351.3
142849 0.003763 289.6
143361 0.003542 308.8
143873 0.003482 315.2
144385 0.002481 444.0
144897 0.002560 431.9
145409 0.006424 172.7
145921 0.004474 248.8
146433 0.003426 326.1
146945 0.002662 421.1
147457 0.003414 329.5
147969 0.002542 444.1
148481 0.003618 313.1
148993 0.002536 448.2
149505 0.003288 346.9
150017 0.002198 520.6
150529 0.002198 522.6
151041 0.002262 509.4
151553 0.003200 361.3
152065 0.002272 510.7
152577 0.002210 526.8
153089 0.002414 483.8
153601 0.003871 302.7
154113 0.003402 345.6
154625 0.002257 522.6
155137 0.002259 523.9
155649 0.003361 353.4
156161 0.002325 512.4
156673 0.002224 537.4
157185 0.002215 541.5
157697 0.003374 356.6
158209 0.002542 474.8
158721 0.003051 396.9
159233 0.002658 457.1
159745 0.002458 495.7
160257 0.003443 355.1
160769 0.002614 469.3
161281 0.003517 349.8
161793 0.002312 533.8
162305 0.003538 350.0
162817 0.002404 516.8
163329 0.003246 383.9
163841 0.002603 480.2
164353 0.003813 328.8
164865 0.003740 336.3
165377 0.002661 474.1
165889 0.003550 356.5
166401 0.002695 471.2
166913 0.003479 366.0
167425 0.003177 402.1
167937 0.002919 439.0
168449 0.003659 351.3
168961 0.002892 445.8
169473 0.003425 377.5
169985 0.002822 459.6
170497 0.003199 406.6
171009 0.003498 372.9
171521 0.002475 528.6
172033 0.003583 366.3
172545 0.002690 489.4
173057 0.003517 375.4
173569 0.002581 513.1
174081 0.003864 343.7
174593 0.003566 373.5
175105 0.002699 495.1
175617 0.003622 369.9
176129 0.003525 381.2
176641 0.002454 549.2
177153 0.003502 386.0
177665 0.002656 510.4
178177 0.003764 361.2
178689 0.003667 371.8
179201 0.002772 493.2
179713 0.003435 399.1
180225 0.002337 588.5
180737 0.003407 404.7
181249 0.002624 527.0
181761 0.003458 401.1
182273 0.002576 539.8
182785 0.003584 389.1
183297 0.002562 545.8
183809 0.003747 374.2
184321 0.003511 400.5
184833 0.002471 570.6
185345 0.002939 481.2
185857 0.002991 474.1
186369 0.003545 401.1
186881 0.002616 544.9
187393 0.003495 409.0
187905 0.002862 500.9
188417 0.004339 331.3
188929 0.002498 577.0
189441 0.003527 409.7
189953 0.002433 595.8
190465 0.003452 421.0
190977 0.002608 558.6
191489 0.003440 424.6
192001 0.004211 347.9
192513 0.003666 400.7
193025 0.004102 359.0
193537 0.004906 301.0
194049 0.003796 390.0
194561 0.002685 552.8
195073 0.003345 444.9
195585 0.002398 622.2
196097 0.002411 620.6
196609 0.003395 441.8
197121 0.002883 521.6
197633 0.003557 423.9
198145 0.003618 417.9
198657 0.002542 596.2
199169 0.003414 445.1
199681 0.002525 603.4
