1 0.000001 13.8
513 0.000001 6037.5
1025 0.000001 9811.5
1537 0.000001 13639.5
2049 0.000001 16920.8
2561 0.000001 18774.8
3073 0.000001 20060.4
3585 0.000001 22036.1
4097 0.000001 23424.0
4609 0.000001 24079.7
5121 0.000001 28351.6
5633 0.000002 26952.2
6145 0.000002 28602.2
6657 0.000002 28567.0
7169 0.000002 28315.0
7681 0.000002 30605.4
8193 0.000002 29959.5
8705 0.000002 31288.3
9217 0.000002 31280.5
9729 0.000002 31501.4
10241 0.000002 31715.1
10753 0.000002 33051.2
11265 0.000002 34818.9
11777 0.000003 34204.4
12289 0.000003 33112.8
12801 0.000003 34782.4
13313 0.000003 34973.8
13825 0.000003 33833.0
14337 0.000003 35027.0
14849 0.000003 35935.0
15361 0.000003 35604.2
15873 0.000003 35122.1
16385 0.000004 35617.1
16897 0.000004 35912.9
17409 0.000004 36883.5
17921 0.000004 36240.6
18433 0.000004 36392.9
18945 0.000004 37314.0
19457 0.000004 37005.9
19969 0.000004 37031.1
20481 0.000004 37272.1
20993 0.000004 36361.4
21505 0.000004 37324.9
22017 0.000005 36929.7
22529 0.000005 36613.9
23041 0.000005 37685.3
23553 0.000005 37590.8
24065 0.000005 38034.3
24577 0.000005 37213.2
25089 0.000005 37463.7
25601 0.000005 38057.8
26113 0.000005 37485.0
26625 0.000005 37937.5
27137 0.000006 37602.1
27649 0.000005 39093.7
28161 0.000006 38002.4
28673 0.000006 38267.3
29185 0.000006 37905.7
29697 0.000006 38726.3
30209 0.000006 36948.7
30721 0.000006 37893.5
31233 0.000006 37912.8
31745 0.000006 38983.8
32257 0.000006 38785.0
32769 0.000006 39347.4
33281 0.000007 38638.5
33793 0.000007 39170.4
34305 0.000007 39514.8
34817 0.000007 38965.6
35329 0.000007 40548.3
35841 0.000007 40270.8
36353 0.000007 40374.0
36865 0.000007 39784.2
37377 0.000007 40037.0
37889 0.000007 40979.1
38401 0.000007 40574.3
38913 0.000007 40226.7
39425 0.000007 40205.2
39937 0.000007 40678.1
40449 0.000008 40166.6
40961 0.000008 40349.5
41473 0.000008 40524.5
41985 0.000008 40204.7
42497 0.000008 40183.9
43009 0.000008 40880.7
43521 0.000008 41613.3
44033 0.000008 41506.3
44545 0.000008 40978.6
45057 0.000008 41406.7
45569 0.000008 41024.3
46081 0.000008 41604.6
46593 0.000009 40477.2
47105 0.000009 40924.2
47617 0.000009 41246.9
48129 0.000009 41502.8
48641 0.000009 40885.5
49153 0.000009 41098.9
49665 0.000009 41555.2
50177 0.000009 41085.5
50689 0.000009 40787.8
51201 0.000009 41231.9
51713 0.000010 41145.1
52225 0.000010 41555.6
52737 0.000010 41684.2
53249 0.000010 41358.4
53761 0.000010 41657.0
54273 0.000010 41760.5
54785 0.000010 41485.1
55297 0.000010 42248.7
55809 0.000010 42133.9
56321 0.000010 42236.5
56833 0.000010 41399.0
57345 0.000010 42084.2
57857 0.000011 41264.7
58369 0.000011 41574.3
58881 0.000011 41813.3
59393 0.000011 41798.5
59905 0.000011 41378.9
60417 0.000011 41657.9
60929 0.000011 41755.4
61441 0.000011 41684.9
61953 0.000011 41463.5
62465 0.000011 41632.1
62977 0.000012 41780.1
63489 0.000012 41795.7
64001 0.000012 42019.5
64513 0.000012 41988.7
65025 0.000012 42066.1
65537 0.000010 48820.5
66049 0.000010 51307.7
66561 0.000010 51430.7
67073 0.000010 51657.9
67585 0.000010 51892.4
68097 0.000011 49017.1
68609 0.000010 51641.5
69121 0.000010 51020.0
69633 0.000010 51477.5
70145 0.000010 52018.3
70657 0.000010 51942.9
71169 0.000010 52221.0
71681 0.000010 52294.5
72193 0.000011 52311.4
72705 0.000011 52322.2
73217 0.000011 52260.5
73729 0.000011 52292.4
74241 0.000011 52410.4
74753 0.000011 52874.5
75265 0.000011 52293.5
75777 0.000011 52215.0
76289 0.000011 52478.5
76801 0.000011 52319.0
77313 0.000011 52249.5
77825 0.000011 52207.5
78337 0.000011 52273.7
78849 0.000011 52358.7
79361 0.000012 52559.1
79873 0.000012 52865.4
80385 0.000012 52836.0
80897 0.000012 52738.1
81409 0.000012 52854.4
81921 0.000012 53543.1
82433 0.000012 53630.2
82945 0.000012 53622.1
83457 0.000012 53765.2
83969 0.000012 53969.0
84481 0.000012 53878.2
84993 0.000012 53895.4
85505 0.000012 53794.7
86017 0.000012 53821.6
86529 0.000012 53931.1
87041 0.000012 54045.9
87553 0.000012 53987.8
88065 0.000012 54389.4
88577 0.000012 54389.7
89089 0.000012 54529.3
89601 0.000013 54276.9
90113 0.000013 54164.6
90625 0.000013 54252.3
91137 0.000013 54032.1
91649 0.000013 54349.8
92161 0.000013 54374.3
92673 0.000013 54529.6
93185 0.000013 54382.8
93697 0.000013 54290.5
94209 0.000013 54575.4
94721 0.000013 54828.3
95233 0.000013 54745.4
95745 0.000013 54775.0
96257 0.000013 55006.0
96769 0.000013 55036.1
97281 0.000013 55099.2
97793 0.000014 55001.7
98305 0.000014 55301.3
98817 0.000014 55493.7
99329 0.000014 55419.5
99841 0.000014 55299.2
100353 0.000014 55491.6
100865 0.000014 55706.3
101377 0.000014 55354.7
101889 0.000014 55491.3
102401 0.000014 55566.8
102913 0.000014 55449.8
103425 0.000014 55720.9
103937 0.000014 55676.2
104449 0.000014 55505.4
104961 0.000014 55735.8
105473 0.000014 55898.2
105985 0.000014 55850.5
106497 0.000015 55922.3
107009 0.000015 55958.8
107521 0.000015 55891.4
108033 0.000015 56015.6
108545 0.000015 56093.8
109057 0.000015 56294.7
109569 0.000015 56252.3
110081 0.000015 56277.7
110593 0.000015 56327.1
111105 0.000015 56429.8
111617 0.000015 56366.0
112129 0.000015 56448.2
112641 0.000015 56521.0
113153 0.000015 56561.5
113665 0.000015 56620.2
114177 0.000015 56516.3
114689 0.000016 56387.7
115201 0.000016 56522.2
115713 0.000016 56570.4
116225 0.000016 56621.8
116737 0.000016 56634.9
117249 0.000016 56787.8
117761 0.000016 56851.6
118273 0.000016 56823.6
118785 0.000016 56898.7
119297 0.000016 57042.4
119809 0.000016 56987.5
120321 0.000016 57108.8
120833 0.000016 57187.2
121345 0.000016 57208.7
121857 0.000016 57145.3
122369 0.000016 57247.8
122881 0.000016 57171.4
123393 0.000016 57242.3
123905 0.000017 57203.7
124417 0.000017 57250.1
124929 0.000017 56981.8
125441 0.000017 57216.1
125953 0.000017 57247.3
126465 0.000017 57104.5
126977 0.000017 57388.3
127489 0.000017 57569.3
128001 0.000017 57467.2
128513 0.000017 57584.0
129025 0.000017 57772.9
129537 0.000017 57838.7
130049 0.000017 57805.2
130561 0.000017 57617.4
131073 0.000017 57411.0
131585 0.000018 56988.6
132097 0.000018 57086.8
132609 0.000018 56825.3
133121 0.000021 48529.0
133633 0.000018 56158.6
134145 0.000018 57392.1
134657 0.000018 57528.1
135169 0.000018 57586.1
135681 0.000018 57523.9
136193 0.000018 57234.5
136705 0.000018 57625.2
137217 0.000018 57698.1
137729 0.000018 57506.9
138241 0.000018 57657.5
138753 0.000018 57541.0
139265 0.000018 57636.8
139777 0.000019 57466.7
140289 0.000019 57298.8
140801 0.000019 57325.8
141313 0.000019 57265.4
141825 0.000019 57558.8
142337 0.000019 57624.1
142849 0.000019 57642.5
143361 0.000019 57368.1
143873 0.000019 57404.3
144385 0.000019 57193.5
144897 0.000019 57366.5
145409 0.000019 57486.0
145921 0.000019 57490.2
146433 0.000019 57502.9
146945 0.000020 57462.8
147457 0.000019 57871.0
147969 0.000019 58245.5
148481 0.000019 58205.7
148993 0.000020 58172.0
149505 0.000020 58164.0
150017 0.000020 58240.7
150529 0.000020 58404.0
151041 0.000020 58216.5
151553 0.000020 58428.7
152065 0.000020 58501.3
152577 0.000020 58220.9
153089 0.000020 58715.2
153601 0.000020 58727.2
154113 0.000020 58590.4
154625 0.000020 58442.8
155137 0.000020 58554.7
155649 0.000020 58574.5
156161 0.000020 58885.6
156673 0.000020 58365.5
157185 0.000020 58850.8
157697 0.000020 59008.0
158209 0.000021 58694.4
158721 0.000021 58700.6
159233 0.000021 58652.1
159745 0.000021 58714.3
160257 0.000021 58734.5
160769 0.000021 58727.1
161281 0.000021 58758.5
161793 0.000021 58819.8
162305 0.000021 58473.1
162817 0.000021 58588.3
163329 0.000021 58895.1
163841 0.000021 58984.7
164353 0.000021 58960.7
164865 0.000021 58755.8
165377 0.000021 59129.9
165889 0.000021 59045.7
166401 0.000022 58984.6
166913 0.000022 59094.7
167425 0.000022 59010.3
167937 0.000022 58895.6
168449 0.000022 58918.9
168961 0.000022 58774.8
169473 0.000022 58764.4
169985 0.000022 58954.1
170497 0.000022 59021.7
171009 0.000022 59090.2
171521 0.000022 58967.9
172033 0.000022 58890.2
172545 0.000022 58877.8
173057 0.000023 58580.2
173569 0.000023 58780.3
174081 0.000023 58754.7
174593 0.000023 58746.0
175105 0.000023 58747.1
175617 0.000023 58695.5
176129 0.000023 58732.3
176641 0.000023 58439.6
177153 0.000023 58485.0
177665 0.000023 58680.1
178177 0.000023 58325.5
178689 0.000023 58517.6
179201 0.000023 58833.4
179713 0.000023 58732.7
180225 0.000023 58916.3
180737 0.000023 59170.1
181249 0.000023 59149.5
181761 0.000023 59808.2
182273 0.000023 59626.0
182785 0.000023 59432.0
183297 0.000024 59341.6
183809 0.000024 59520.6
184321 0.000024 59448.8
184833 0.000024 59152.5
185345 0.000024 59300.9
185857 0.000024 59579.7
186369 0.000024 59369.7
186881 0.000024 59360.9
187393 0.000024 59619.4
187905 0.000024 59611.0
188417 0.000024 59652.8
188929 0.000024 59809.5
189441 0.000024 59563.9
189953 0.000024 59773.6
190465 0.000024 59775.4
190977 0.000024 59735.7
191489 0.000024 59639.4
192001 0.000024 60133.6
192513 0.000025 59651.8
193025 0.000025 59856.8
193537 0.000025 59853.7
194049 0.000025 59813.8
194561 0.000025 59816.6
195073 0.000025 59938.3
195585 0.000025 59724.0
196097 0.000025 59932.4
196609 0.000025 59964.1
197121 0.000025 59878.8
197633 0.000025 59586.3
198145 0.000025 59877.2
198657 0.000025 59905.2
199169 0.000025 59694.6
199681 0.000026 59709.9
