1 0.000001 13.3
257 0.000001 2959.3
513 0.000001 5545.9
769 0.000001 8194.5
1025 0.000001 10192.7
1281 0.000001 11796.3
1537 0.000001 13091.3
1793 0.000001 15933.4
2049 0.000001 15879.9
2305 0.000001 17379.8
2561 0.000001 18874.3
2817 0.000001 18266.3
3073 0.000001 21016.5
3329 0.000001 21516.5
3585 0.000001 21723.2
3841 0.000001 22015.4
4097 0.000001 23008.8
4353 0.000001 23027.9
4609 0.000001 24317.9
4865 0.000001 25813.3
5121 0.000002 25990.8
5377 0.000002 25804.4
5633 0.000002 27102.1
5889 0.000002 26696.1
6145 0.000002 29410.7
6401 0.000002 26744.0
6657 0.000002 29814.4
6913 0.000002 28194.7
7169 0.000002 28683.2
7425 0.000002 30348.7
7681 0.000002 29386.9
7937 0.000002 29420.1
8193 0.000002 29850.4
8449 0.000002 32779.8
8705 0.000002 30913.3
8961 0.000002 31681.8
9217 0.000002 31467.4
9473 0.000002 31087.7
9729 0.000002 33591.7
9985 0.000002 31178.8
10241 0.000002 32514.3
10497 0.000002 32332.7
10753 0.000002 33824.4
11009 0.000002 34663.8
11265 0.000003 33129.3
11521 0.000003 31867.2
11777 0.000003 34426.2
12033 0.000003 34699.1
12289 0.000003 34026.8
12545 0.000003 33584.9
12801 0.000003 34330.5
13057 0.000003 34383.1
13313 0.000003 34885.0
13569 0.000003 35019.6
13825 0.000003 34906.1
14081 0.000003 33556.2
14337 0.000003 34870.0
14593 0.000003 35307.4
14849 0.000003 35921.4
15105 0.000003 34515.9
15361 0.000003 35470.6
15617 0.000003 35240.4
15873 0.000003 35458.0
16129 0.000003 36480.6
16385 0.000004 35076.3
16641 0.000004 35481.9
16897 0.000004 36136.1
17153 0.000004 36615.0
17409 0.000004 35676.5
17665 0.000004 36210.4
17921 0.000004 36240.6
18177 0.000004 35954.0
18433 0.000004 36753.4
18689 0.000004 36580.1
18945 0.000004 37201.8
19201 0.000004 37233.8
19457 0.000004 36374.6
19713 0.000004 37179.0
19969 0.000004 36890.0
20225 0.000004 36978.6
20481 0.000004 36759.9
20737 0.000004 36352.8
20993 0.000004 37810.3
21249 0.000004 36135.8
21505 0.000004 37557.2
21761 0.000005 36187.3
22017 0.000005 36927.7
22273 0.000005 37052.2
22529 0.000005 37887.7
22785 0.000005 37927.6
23041 0.000005 38419.7
23297 0.000005 37355.5
23553 0.000005 37904.6
23809 0.000005 38222.4
24065 0.000005 37572.2
24321 0.000005 37548.7
24577 0.000005 37971.4
24833 0.000005 37199.5
25089 0.000005 36705.0
25345 0.000005 38474.4
25601 0.000005 38623.0
25857 0.000005 37665.0
26113 0.000005 38569.9
26369 0.000005 38579.4
26625 0.000005 38590.5
26881 0.000005 39462.0
27137 0.000005 39197.6
27393 0.000006 37581.0
27649 0.000005 38890.9
27905 0.000005 39140.9
28161 0.000005 39738.6
28417 0.000006 37919.4
28673 0.000006 38581.1
28929 0.000006 38757.7
29185 0.000006 38735.8
29441 0.000006 38367.4
29697 0.000006 38840.2
29953 0.000006 39025.1
30209 0.000006 37876.7
30465 0.000006 38112.5
30721 0.000006 38879.7
30977 0.000006 39104.7
31233 0.000006 38188.0
31489 0.000006 38097.8
31745 0.000006 38353.8
32001 0.000006 39284.6
32257 0.000006 38608.0
32513 0.000006 39063.5
32769 0.000007 38406.3
33025 0.000006 38910.2
33281 0.000007 38714.3
33537 0.000006 39367.0
33793 0.000007 39139.2
34049 0.000007 38679.7
34305 0.000007 39023.1
34561 0.000007 40394.2
34817 0.000007 39083.2
35073 0.000007 39909.5
35329 0.000007 40088.2
35585 0.000007 39571.9
35841 0.000007 39674.6
36097 0.000007 40420.8
36353 0.000007 40052.9
36609 0.000007 39626.8
36865 0.000007 39582.6
37121 0.000007 39286.7
37377 0.000007 39560.2
37633 0.000007 39263.7
37889 0.000007 39616.0
38145 0.000007 39328.5
38401 0.000007 39371.8
38657 0.000007 40292.6
38913 0.000007 39994.1
39169 0.000008 39843.9
39425 0.000007 40241.1
39681 0.000008 40012.4
39937 0.000008 40275.6
40193 0.000008 40411.5
40449 0.000008 40498.4
40705 0.000008 39817.8
40961 0.000008 39839.3
41217 0.000008 40177.4
41473 0.000008 40178.5
41729 0.000008 40763.4
41985 0.000008 40117.1
42241 0.000008 40631.0
42497 0.000008 39799.4
42753 0.000008 40360.4
43009 0.000008 40044.5
43265 0.000008 40698.5
43521 0.000008 40074.6
43777 0.000008 40374.2
44033 0.000008 40561.2
44289 0.000008 40719.7
44545 0.000008 40440.3
44801 0.000009 40199.4
45057 0.000008 41060.1
45313 0.000009 40589.4
45569 0.000009 40562.1
45825 0.000009 40593.5
46081 0.000009 40456.3
46337 0.000009 41364.2
46593 0.000009 40480.5
46849 0.000009 41054.0
47105 0.000009 41431.5
47361 0.000009 41129.8
47617 0.000009 40804.0
47873 0.000009 40667.3
48129 0.000009 40319.6
48385 0.000009 41342.6
48641 0.000009 41765.4
48897 0.000009 40274.5
49153 0.000009 40665.4
49409 0.000009 40639.7
49665 0.000009 40140.4
49921 0.000009 40175.8
50177 0.000009 40564.5
50433 0.000009 40568.5
50689 0.000010 39532.3
50945 0.000010 40494.8
51201 0.000010 41010.0
51457 0.000010 40550.2
51713 0.000010 40951.7
51969 0.000010 40909.4
52225 0.000010 41290.7
52481 0.000010 41268.8
52737 0.000010 41947.4
52993 0.000010 41657.1
53249 0.000010 41027.8
53505 0.000010 41336.6
53761 0.000010 41549.4
54017 0.000010 41804.8
54273 0.000010 41880.3
54529 0.000010 42254.2
54785 0.000010 41950.7
55041 0.000010 41408.5
55297 0.000010 41881.8
55553 0.000010 42172.5
55809 0.000010 41461.9
56065 0.000010 42176.9
56321 0.000010 41922.1
56577 0.000010 42264.0
56833 0.000010 42059.6
57089 0.000010 41623.3
57345 0.000010 41752.9
57601 0.000010 42144.5
57857 0.000011 41870.4
58113 0.000011 41945.6
58369 0.000011 41650.3
58625 0.000011 41726.9
58881 0.000011 41619.4
59137 0.000011 42290.7
59393 0.000011 41652.8
59649 0.000011 41995.2
59905 0.000011 41979.7
60161 0.000011 42095.5
60417 0.000011 41810.2
60673 0.000011 41945.6
60929 0.000011 42214.7
61185 0.000011 41375.3
61441 0.000011 41457.3
61697 0.000011 41793.1
61953 0.000011 41533.0
62209 0.000011 41665.4
62465 0.000011 41695.5
62721 0.000012 41556.0
62977 0.000012 41672.1
63233 0.000011 42034.5
63489 0.000012 41407.3
63745 0.000012 41717.9
64001 0.000012 41614.0
64257 0.000012 41411.0
64513 0.000012 41300.7
64769 0.000012 41438.9
65025 0.000012 41377.7
65281 0.000012 41455.7
65537 0.000010 48887.7
65793 0.000010 51573.3
66049 0.000010 51550.4
66305 0.000010 51338.3
66561 0.000010 51539.0
66817 0.000010 51764.8
67073 0.000010 51910.3
67329 0.000010 51851.4
67585 0.000010 52043.5
67841 0.000010 51958.1
68097 0.000010 52018.4
68353 0.000010 52120.7
68609 0.000010 51879.5
68865 0.000010 51798.9
69121 0.000010 52143.4
69377 0.000010 52029.9
69633 0.000010 52159.6
69889 0.000010 52052.8
70145 0.000010 52415.5
70401 0.000010 52507.4
70657 0.000010 52356.7
70913 0.000010 52703.8
71169 0.000010 52174.3
71425 0.000010 52554.6
71681 0.000010 52525.6
71937 0.000010 52586.7
72193 0.000010 52627.2
72449 0.000010 52763.3
72705 0.000011 52796.0
72961 0.000011 52381.6
73217 0.000011 52832.1
73473 0.000011 52834.5
73729 0.000011 52916.3
73985 0.000011 52943.3
74241 0.000011 53044.7
74497 0.000011 53052.3
74753 0.000011 53066.9
75009 0.000011 53216.7
75265 0.000011 53199.0
75521 0.000011 53255.3
75777 0.000011 53357.0
76033 0.000011 53337.8
76289 0.000011 52960.1
76545 0.000011 53433.4
76801 0.000011 52845.5
77057 0.000011 53030.8
77313 0.000011 52857.9
77569 0.000011 53624.1
77825 0.000011 53374.5
78081 0.000011 53658.2
78337 0.000011 53535.2
78593 0.000011 53550.0
78849 0.000011 53450.2
79105 0.000011 53960.9
79361 0.000011 52727.2
79617 0.000011 53461.1
79873 0.000011 53240.9
80129 0.000011 53275.0
80385 0.000011 53855.9
80641 0.000011 53688.0
80897 0.000011 53997.7
81153 0.000012 52952.5
81409 0.000012 53593.8
81665 0.000012 53803.3
81921 0.000012 53943.1
82177 0.000012 53841.3
82433 0.000012 54011.3
82689 0.000012 53909.7
82945 0.000012 53944.7
83201 0.000012 54313.2
83457 0.000012 54200.6
83713 0.000012 54247.9
83969 0.000012 54386.3
84225 0.000012 54426.5
84481 0.000012 54540.2
84737 0.000012 54754.0
84993 0.000012 54717.3
85249 0.000012 54027.7
85505 0.000012 54408.7
85761 0.000012 54481.7
86017 0.000012 54850.1
86273 0.000012 54771.1
86529 0.000012 54692.7
86785 0.000012 54864.3
87041 0.000012 54848.4
87297 0.000012 54806.8
87553 0.000012 54852.4
87809 0.000012 54969.7
88065 0.000012 54857.4
88321 0.000012 55023.3
88577 0.000012 55053.1
88833 0.000012 55170.4
89089 0.000012 55095.2
89345 0.000013 54483.8
89601 0.000013 54667.0
89857 0.000012 54932.2
90113 0.000013 54558.1
90369 0.000013 55002.4
90625 0.000013 55064.0
90881 0.000013 54917.1
91137 0.000013 54997.1
91393 0.000013 54851.6
91649 0.000013 54482.0
91905 0.000013 55238.6
92161 0.000013 54849.6
92417 0.000013 54936.5
92673 0.000013 54536.6
92929 0.000013 54423.0
93185 0.000013 54320.4
93441 0.000013 54164.8
93697 0.000013 54162.1
93953 0.000013 54670.5
94209 0.000013 54809.5
94465 0.000013 54574.5
94721 0.000013 54552.0
94977 0.000013 54673.8
95233 0.000013 54737.5
95489 0.000013 54777.4
95745 0.000013 54844.6
96001 0.000013 54758.0
96257 0.000013 54858.0
96513 0.000013 55078.5
96769 0.000013 54949.2
97025 0.000014 54725.6
97281 0.000014 54845.8
97537 0.000014 54734.6
97793 0.000014 54835.9
98049 0.000014 55086.6
98305 0.000014 55531.7
98561 0.000014 55662.6
98817 0.000014 55411.1
99073 0.000014 55473.0
99329 0.000014 55407.9
99585 0.000014 55029.8
99841 0.000014 55211.3
